04_archives/3d_visualization/Data/Cnv/nord.cnv
* Sea-Bird SBE19plus Data File:
* FileName = C:\Users\Paul\Desktop\Instrumentation\sbe19plus\somlit\Data\Latest\20240608016.hex
* Software Version 1.59
* Temperature SN =  8056
* Conductivity SN =  8056
* System UpLoad Time = Sep 08 2025 14:37:52
* ds
* SBE 19plus V 3.1.8  SERIAL NO. 8056    08 Sep 2025 14:33:31
# nquan = 9
# nvalues = 60                          
# units = specified
# name 0 = prdM: Pressure, Strain Gauge [db]
# name 1 = tv290C: Temperature [ITS-90, deg C]
# name 2 = potemp090C: Potential Temperature [ITS-90, deg C]
# name 3 = c0S/m: Conductivity [S/m]
# name 4 = sal00: Salinity, Practical [PSU]
# name 5 = density00: Density [density, kg/m^3]
# name 6 = dz/dtM: Descent Rate [m/s], WS = 2
# name 7 = accM: Acceleration [m/s^2], WS = 2
# name 8 = flag: flag
# span 0 =      1.000,     60.000       
# span 1 =    16.1664,    21.5861       
# span 2 =    16.1567,    21.5857       
# span 3 =   4.753102,   5.323954       
# span 4 =    37.8581,    38.2109       
# span 5 =  1026.5154,  1028.3473       
# span 6 =     -0.849,     -0.446       
# span 7 =      -0.07,       0.15       
# span 8 = 0.0000e+00, 0.0000e+00       
# interval = decibars: 1                
# start_time = Sep 08 2025 13:34:22 [Instrument's time stamp, header]
# bad_flag = -9.990e-29
*END*
     60.000    16.1664    16.1567   4.753102    38.0737  1028.3392     -0.446      -0.05 0.0000e+00
     59.000    16.1991    16.1895   4.759474    38.1001  1028.3473     -0.488      -0.00 0.0000e+00
     58.000    16.2268    16.2173   4.761420    38.0914  1028.3297     -0.527      -0.04 0.0000e+00
     57.000    16.2396    16.2303   4.761911    38.0840  1028.3165     -0.582      -0.03 0.0000e+00
     56.000    16.2463    16.2372   4.762116    38.0798  1028.3074     -0.683      -0.07 0.0000e+00
     55.000    16.2506    16.2416   4.762425    38.0788  1028.3012     -0.743      -0.02 0.0000e+00
     54.000    16.2537    16.2449   4.762513    38.0771  1028.2948     -0.771      -0.03 0.0000e+00
     53.000    16.2559    16.2472   4.762490    38.0752  1028.2884     -0.808      -0.02 0.0000e+00
     52.000    16.2576    16.2492   4.762293    38.0722  1028.2813     -0.794       0.02 0.0000e+00
     51.000    16.2601    16.2518   4.762181    38.0692  1028.2739     -0.797      -0.02 0.0000e+00
     50.000    16.2647    16.2565   4.762251    38.0659  1028.2659     -0.815      -0.00 0.0000e+00
     49.000    16.2729    16.2649   4.762683    38.0623  1028.2568     -0.811       0.00 0.0000e+00
     48.000    16.2869    16.2791   4.763407    38.0558  1028.2441     -0.816      -0.00 0.0000e+00
     47.000    16.3098    16.3021   4.764742    38.0464  1028.2270     -0.813       0.00 0.0000e+00
     46.000    16.3460    16.3385   4.767092    38.0331  1028.2038     -0.807       0.01 0.0000e+00
     45.000    16.4039    16.3965   4.772166    38.0237  1028.1784     -0.807      -0.01 0.0000e+00
     44.000    16.4882    16.4809   4.786638    38.0731  1028.1919     -0.829      -0.01 0.0000e+00
     43.000    16.6005    16.5933   4.803549    38.1174  1028.1946     -0.817       0.02 0.0000e+00
     42.000    16.7126    16.7056   4.812664    38.0920  1028.1437     -0.806       0.00 0.0000e+00
     41.000    16.8225    16.8157   4.824047    38.0889  1028.1104     -0.796       0.01 0.0000e+00
     40.000    16.9349    16.9282   4.835144    38.0809  1028.0726     -0.790      -0.00 0.0000e+00
     39.000    17.0532    17.0466   4.849001    38.0917  1028.0477     -0.790       0.00 0.0000e+00
     38.000    17.1756    17.1693   4.863196    38.1014  1028.0209     -0.800      -0.02 0.0000e+00
     37.000    17.2928    17.2865   4.873592    38.0825  1027.9732     -0.815      -0.01 0.0000e+00
     36.000    17.4046    17.3985   4.881200    38.0442  1027.9118     -0.804       0.02 0.0000e+00
     35.000    17.5313    17.5253   4.892731    38.0264  1027.8624     -0.789      -0.01 0.0000e+00
     34.000    17.6836    17.6778   4.910347    38.0376  1027.8287     -0.835      -0.04 0.0000e+00
     33.000    17.8616    17.8559   4.937064    38.1035  1027.8305     -0.840       0.02 0.0000e+00
     32.000    18.0641    18.0585   4.955709    38.0761  1027.7541     -0.802       0.02 0.0000e+00
     31.000    18.2825    18.2771   4.979934    38.0818  1027.6987     -0.807      -0.01 0.0000e+00
     30.000    18.5332    18.5278   5.022080    38.2109  1027.7292     -0.802       0.01 0.0000e+00
     29.000    18.7746    18.7693   5.044388    38.1778  1027.6373     -0.808      -0.02 0.0000e+00
     28.000    18.9750    18.9699   5.061011    38.1343  1027.5476     -0.818       0.00 0.0000e+00
     27.000    19.1469    19.1421   5.070021    38.0527  1027.4359     -0.797       0.02 0.0000e+00
     26.000    19.3151    19.3103   5.081976    37.9997  1027.3470     -0.781       0.00 0.0000e+00
     25.000    19.5087    19.5041   5.111044    38.0674  1027.3433     -0.795      -0.01 0.0000e+00
     24.000    19.7183    19.7138   5.139751    38.1168  1027.3211     -0.800      -0.00 0.0000e+00
     23.000    19.9173    19.9130   5.165421    38.1499  1027.2888     -0.806      -0.01 0.0000e+00
     22.000    20.0704    20.0662   5.176894    38.1064  1027.2102     -0.835      -0.02 0.0000e+00
     21.000    20.1809    20.1769   5.184728    38.0716  1027.1494     -0.841       0.02 0.0000e+00
     20.000    20.2613    20.2575   5.188865    38.0334  1027.0942     -0.801       0.04 0.0000e+00
     19.000    20.3214    20.3178   5.191485    38.0012  1027.0490     -0.799      -0.03 0.0000e+00
     18.000    20.3665    20.3631   5.194095    37.9824  1027.0181     -0.843      -0.03 0.0000e+00
     17.000    20.4078    20.4046   5.196186    37.9629  1026.9876     -0.838       0.02 0.0000e+00
     16.000    20.4540    20.4510   5.197280    37.9307  1026.9461     -0.814       0.02 0.0000e+00
     15.000    20.5178    20.5149   5.199720    37.8939  1026.8963     -0.805      -0.00 0.0000e+00
     14.000    20.6182    20.6156   5.211429    37.9003  1026.8694     -0.828      -0.03 0.0000e+00
     13.000    20.7669    20.7644   5.242537    38.0221  1026.9173     -0.849      -0.01 0.0000e+00
     12.000    20.9509    20.9486   5.271825    38.0967  1026.9192     -0.838       0.02 0.0000e+00
     11.000    21.1196    21.1175   5.288526    38.0820  1026.8569     -0.812       0.02 0.0000e+00
     10.000    21.2573    21.2554   5.300757    38.0587  1026.7965     -0.819      -0.02 0.0000e+00
      9.000    21.3590    21.3572   5.309270    38.0374  1026.7476     -0.845      -0.01 0.0000e+00
      8.000    21.4356    21.4340   5.315147    38.0172  1026.7064     -0.834       0.02 0.0000e+00
      7.000    21.4930    21.4916   5.319657    38.0030  1026.6751     -0.817       0.01 0.0000e+00
      6.000    21.5330    21.5319   5.321935    37.9862  1026.6468     -0.814      -0.00 0.0000e+00
      5.000    21.5587    21.5578   5.323206    37.9741  1026.6260     -0.817       0.00 0.0000e+00
      4.000    21.5750    21.5742   5.323714    37.9642  1026.6095     -0.799       0.02 0.0000e+00
      3.000    21.5837    21.5832   5.323954    37.9587  1026.5986     -0.770       0.03 0.0000e+00
      2.000    21.5861    21.5857   5.323630    37.9544  1026.5903     -0.689       0.08 0.0000e+00
      1.000    21.5761    21.5759   5.310507    37.8581  1026.5154     -0.458       0.15 0.0000e+00
