04_archives/Ressources/CTD/RAW_DATA/20240608d.cnv
* Sea-Bird SBE19plus Data File:
* FileName = C:\Users\Paul\Desktop\Instrumentation\sbe19plus\somlit\Data\Latest\20240608016.hex
* Software Version 1.59
* Temperature SN =  8056
* Conductivity SN =  8056
* System UpLoad Time = Sep 08 2025 14:37:52
* ds
* SBE 19plus V 3.1.8  SERIAL NO. 8056    08 Sep 2025 14:33:31
# nquan = 12
# nvalues = 241                         
# units = specified
# name 0 = timeJ: Julian Days
# name 1 = tv290C: Temperature [ITS-90, deg C]
# name 2 = sal00: Salinity, Practical [PSU]
# name 3 = c0S/m: Conductivity [S/m]
# name 4 = flECO-AFL: Fluorescence, WET Labs ECO-AFL/FL [mg/m^3]
# name 5 = turbWETntu0: Turbidity, WET Labs ECO [NTU]
# name 6 = density00: Density [density, kg/m^3]
# name 7 = prdM: Pressure, Strain Gauge [db]
# name 8 = sal00: Salinity, Practical [PSU]
# name 9 = depSM: Depth [salt water, m], lat = 42
# name 10 = nbin: number of scans per bin
# name 11 = flag: flag
# span 0 = 251.566016, 251.567412       
# span 1 =    16.1404,    21.6832       
# span 2 =    37.7987,    38.0811       
# span 3 =   4.751158,   5.333494       
# span 4 =     0.0904,     0.6965       
# span 5 =     0.4231,     1.4308       
# span 6 =  1026.5508,  1028.3575       
# span 7 =      1.008,     61.491       
# span 8 =    37.9247,    38.0806       
# span 9 =      1.000,     61.000       
# span 10 =          1,          3      
# span 11 = 0.0000e+00, 0.0000e+00      
# interval = meters: 0.25               
# start_time = Sep 08 2025 13:34:22 [Instrument's time stamp, header]
# bad_flag = -9.990e-29
*END*
[from data line 121]
 251.566714    18.9909    37.9823   5.046189     0.1939     0.5483  1027.4346     31.499    37.9924     31.250          3 0.0000e+00
 251.566721    18.9329    37.9728   5.041032     0.1990     0.5718  1027.4377     31.752    38.0020     31.500          2 0.0000e+00
 251.566727    18.7963    37.8888   5.025022     0.2083     0.5814  1027.3881     32.004    37.9916     31.750          2 0.0000e+00
 251.566732    18.6374    37.8300   5.004870     0.2275     0.5835  1027.3749     32.256    37.9661     32.000          2 0.0000e+00
 251.566737    18.5259    37.8645   4.993126     0.2475     0.5880  1027.4396     32.507    37.9686     32.250          2 0.0000e+00
 251.566742    18.4473    37.9213   4.986086     0.2663     0.5981  1027.5169     32.760    37.9810     32.500          1 0.0000e+00
 251.566747    18.4021    37.9724   4.982760     0.2864     0.6138  1027.5794     33.012    37.9942     32.750          2 0.0000e+00
 251.566752    18.3757    38.0046   4.980963     0.2988     0.6228  1027.6185     33.263    38.0033     33.000          2 0.0000e+00
 251.566758    18.3580    38.0228   4.979805     0.3056     0.6240  1027.6416     33.516    38.0096     33.250          2 0.0000e+00
 251.566765    18.3363    38.0210   4.977805     0.3136     0.6104  1027.6456     33.767    38.0124     33.500          3 0.0000e+00
 251.566772    18.2889    37.9946   4.972493     0.3194     0.5949  1027.6317     34.019    38.0107     33.750          2 0.0000e+00
 251.566777    18.2155    37.9530   4.963714     0.3184     0.5908  1027.6101     34.271    38.0032     34.000          1 0.0000e+00
 251.566782    18.1158    37.9123   4.951695     0.3116     0.5967  1027.5968     34.524    37.9923     34.250          2 0.0000e+00
 251.566786    18.0036    37.8949   4.938773     0.3109     0.6109  1027.6098     34.775    37.9849     34.500          2 0.0000e+00
 251.566792    17.8940    37.9082   4.926846     0.3277     0.6439  1027.6522     35.027    37.9837     34.750          2 0.0000e+00
 251.566799    17.8043    37.9513   4.918060     0.3529     0.6837  1027.7183     35.280    37.9912     35.000          2 0.0000e+00
 251.566805    17.7447    37.9882   4.913046     0.3736     0.7063  1027.7692     35.532    38.0033     35.250          3 0.0000e+00
 251.566811    17.6867    37.9850   4.906871     0.3836     0.7165  1027.7813     35.784    38.0036     35.500          2 0.0000e+00
 251.566817    17.6307    37.9773   4.900457     0.3848     0.7207  1027.7895     36.036    38.0001     35.750          1 0.0000e+00
 251.566822    17.5833    37.9833   4.895499     0.3839     0.7224  1027.8085     36.288    38.0012     36.000          2 0.0000e+00
 251.566827    17.5411    37.9909   4.891292     0.3867     0.7236  1027.8275     36.539    38.0040     36.250          2 0.0000e+00
 251.566833    17.4991    37.9950   4.886872     0.3883     0.7207  1027.8433     36.791    38.0047     36.500          2 0.0000e+00
 251.566838    17.4627    38.0052   4.883160     0.3843     0.7043  1027.8636     37.043    38.0063     36.750          2 0.0000e+00
 251.566845    17.4377    38.0209   4.880991     0.3734     0.6695  1027.8860     37.296    38.0107     37.000          2 0.0000e+00
 251.566851    17.4213    38.0278   4.879517     0.3668     0.6481  1027.8980     37.548    38.0131     37.250          2 0.0000e+00
 251.566857    17.4067    38.0269   4.877992     0.3640     0.6356  1027.9021     37.800    38.0134     37.500          2 0.0000e+00
 251.566862    17.3914    38.0246   4.876333     0.3587     0.6224  1027.9050     38.052    38.0131     37.750          2 0.0000e+00
 251.566868    17.3750    38.0233   4.874646     0.3502     0.6043  1027.9090     38.304    38.0137     38.000          2 0.0000e+00
 251.566874    17.3538    38.0189   4.872453     0.3464     0.5913  1027.9109     38.556    38.0143     38.250          2 0.0000e+00
 251.566880    17.3225    38.0088   4.869103     0.3468     0.5825  1027.9093     38.808    38.0143     38.500          2 0.0000e+00
 251.566885    17.2762    37.9920   4.863914     0.3521     0.5889  1027.9051     39.060    38.0123     38.750          2 0.0000e+00
 251.566890    17.2196    37.9796   4.857620     0.3637     0.6154  1027.9078     39.312    38.0101     39.000          2 0.0000e+00
 251.566896    17.1644    37.9815   4.851756     0.3859     0.6695  1027.9242     39.564    38.0105     39.250          2 0.0000e+00
 251.566902    17.1182    37.9947   4.847146     0.4240     0.7590  1027.9493     39.816    38.0135     39.500          2 0.0000e+00
 251.566908    17.0836    38.0103   4.843950     0.4537     0.8161  1027.9738     40.068    38.0179     39.750          2 0.0000e+00
 251.566914    17.0560    38.0200   4.841501     0.4762     0.8339  1027.9907     40.320    38.0223     40.000          2 0.0000e+00
 251.566918    17.0273    38.0188   4.838554     0.4934     0.8373  1027.9975     40.572    38.0233     40.250          2 0.0000e+00
 251.566924    16.9970    38.0148   4.835196     0.5035     0.8399  1028.0023     40.824    38.0222     40.500          1 0.0000e+00
 251.566930    16.9684    38.0185   4.832286     0.5097     0.8434  1028.0142     41.076    38.0233     40.750          2 0.0000e+00
 251.566936    16.9414    38.0234   4.829557     0.5216     0.8374  1028.0266     41.328    38.0248     41.000          3 0.0000e+00
 251.566942    16.9183    38.0298   4.827308     0.5391     0.8229  1028.0393     41.580    38.0266     41.250          2 0.0000e+00
 251.566948    16.8968    38.0306   4.825191     0.5602     0.8001  1028.0461     41.832    38.0282     41.500          2 0.0000e+00
 251.566954    16.8734    38.0246   4.822567     0.5675     0.7801  1028.0474     42.084    38.0270     41.750          2 0.0000e+00
 251.566959    16.8477    38.0195   4.819688     0.5443     0.7693  1028.0500     42.336    38.0258     42.000          2 0.0000e+00
 251.566965    16.8213    38.0177   4.816760     0.5099     0.7595  1028.0562     42.588    38.0247     42.250          1 0.0000e+00
 251.566971    16.7981    38.0248   4.814432     0.4892     0.7371  1028.0700     42.840    38.0260     42.500          3 0.0000e+00
 251.566977    16.7812    38.0355   4.812988     0.4734     0.6888  1028.0853     43.092    38.0292     42.750          2 0.0000e+00
 251.566984    16.7663    38.0381   4.811714     0.4509     0.6512  1028.0919     43.345    38.0319     43.000          2 0.0000e+00
 251.566991    16.7428    38.0268   4.809111     0.4183     0.6252  1028.0875     43.597    38.0309     43.250          2 0.0000e+00
 251.566996    16.7094    38.0141   4.805343     0.3997     0.6064  1028.0842     43.849    38.0291     43.500          2 0.0000e+00
 251.567001    16.6690    38.0057   4.800870     0.3844     0.5859  1028.0869     44.101    38.0276     43.750          2 0.0000e+00
 251.567007    16.6232    38.0036   4.796196     0.3764     0.5732  1028.0964     44.353    38.0295     44.000          2 0.0000e+00
 251.567013    16.5639    37.9959   4.790260     0.3781     0.5701  1028.1027     44.605    38.0330     44.250          2 0.0000e+00
 251.567019    16.4900    37.9820   4.782207     0.4075     0.6009  1028.1075     44.857    38.0314     44.500          2 0.0000e+00
 251.567024    16.4258    37.9941   4.775585     0.4685     0.6716  1028.1355     45.109    38.0334     44.750          2 0.0000e+00
 251.567030    16.3835    38.0239   4.771978     0.5212     0.7426  1028.1751     45.361    38.0414     45.000          2 0.0000e+00
 251.567036    16.3571    38.0473   4.769979     0.5767     0.8264  1028.2048     45.613    38.0486     45.250          2 0.0000e+00
 251.567043    16.3406    38.0594   4.768726     0.6159     0.8801  1028.2211     45.865    38.0531     45.500          3 0.0000e+00
 251.567050    16.3294    38.0660   4.767859     0.6567     0.9300  1028.2309     46.117    38.0559     45.750          2 0.0000e+00
 251.567055    16.3202    38.0675   4.767045     0.6820     0.9770  1028.2357     46.369    38.0573     46.000          2 0.0000e+00
 251.567060    16.3122    38.0683   4.766334     0.6944     1.0316  1028.2395     46.621    38.0584     46.250          1 0.0000e+00
 251.567065    16.3055    38.0700   4.765806     0.6965     1.0817  1028.2438     46.873    38.0601     46.500          2 0.0000e+00
 251.567071    16.2991    38.0704   4.765233     0.6871     1.1350  1028.2469     47.125    38.0609     46.750          2 0.0000e+00
 251.567076    16.2921    38.0708   4.764652     0.6765     1.1813  1028.2500     47.377    38.0623     47.000          2 0.0000e+00
 251.567081    16.2845    38.0708   4.763952     0.6687     1.2075  1028.2529     47.629    38.0632     47.250          2 0.0000e+00
 251.567087    16.2783    38.0734   4.763454     0.6644     1.2198  1028.2580     47.881    38.0646     47.500          2 0.0000e+00
 251.567094    16.2750    38.0775   4.763301     0.6662     1.2149  1028.2636     48.133    38.0662     47.750          2 0.0000e+00
 251.567101    16.2741    38.0797   4.763348     0.6663     1.1986  1028.2669     48.385    38.0674     48.000          2 0.0000e+00
 251.567106    16.2734    38.0790   4.763311     0.6519     1.1785  1028.2675     48.637    38.0677     48.250          2 0.0000e+00
 251.567111    16.2724    38.0783   4.763252     0.6405     1.1721  1028.2683     48.889    38.0680     48.500          2 0.0000e+00
 251.567116    16.2703    38.0770   4.763087     0.6377     1.1935  1028.2689     49.141    38.0684     48.750          2 0.0000e+00
 251.567122    16.2676    38.0765   4.762880     0.6362     1.2328  1028.2703     49.393    38.0690     49.000          2 0.0000e+00
 251.567128    16.2655    38.0776   4.762756     0.6350     1.2509  1028.2730     49.645    38.0698     49.250          2 0.0000e+00
 251.567135    16.2651    38.0798   4.762861     0.6357     1.2330  1028.2760     49.897    38.0710     49.500          3 0.0000e+00
 251.567142    16.2639    38.0784   4.762758     0.6456     1.2097  1028.2759     50.149    38.0711     49.750          2 0.0000e+00
 251.567148    16.2618    38.0768   4.762508     0.6523     1.2004  1028.2760     50.401    38.0708     50.000          2 0.0000e+00
 251.567154    16.2604    38.0772   4.762400     0.6415     1.2226  1028.2778     50.653    38.0710     50.250          2 0.0000e+00
 251.567159    16.2596    38.0777   4.762368     0.6280     1.2552  1028.2799     50.905    38.0715     50.500          1 0.0000e+00
 251.567163    16.2593    38.0782   4.762389     0.6251     1.2852  1028.2818     51.158    38.0719     50.750          2 0.0000e+00
 251.567169    16.2593    38.0786   4.762444     0.6269     1.3181  1028.2833     51.410    38.0722     51.000          2 0.0000e+00
 251.567174    16.2595    38.0786   4.762509     0.6240     1.3284  1028.2846     51.661    38.0725     51.250          2 0.0000e+00
 251.567181    16.2598    38.0787   4.762588     0.6156     1.3155  1028.2856     51.914    38.0728     51.500          2 0.0000e+00
 251.567187    16.2599    38.0783   4.762636     0.6146     1.2928  1028.2862     52.166    38.0730     51.750          3 0.0000e+00
 251.567194    16.2595    38.0775   4.762598     0.6227     1.2595  1028.2865     52.417    38.0730     52.000          2 0.0000e+00
 251.567201    16.2590    38.0774   4.762583     0.6237     1.2492  1028.2876     52.670    38.0732     52.250          2 0.0000e+00
 251.567208    16.2588    38.0774   4.762587     0.6163     1.2636  1028.2887     52.922    38.0733     52.500          2 0.0000e+00
 251.567213    16.2587    38.0772   4.762586     0.6189     1.2707  1028.2898     53.174    38.0734     52.750          2 0.0000e+00
 251.567218    16.2585    38.0770   4.762587     0.6286     1.2742  1028.2908     53.426    38.0734     53.000          2 0.0000e+00
 251.567223    16.2582    38.0768   4.762581     0.6314     1.2851  1028.2920     53.678    38.0736     53.250          2 0.0000e+00
 251.567228    16.2574    38.0766   4.762556     0.6296     1.3035  1028.2932     53.930    38.0740     53.500          1 0.0000e+00
 251.567233    16.2561    38.0763   4.762474     0.6247     1.3127  1028.2943     54.182    38.0743     53.750          2 0.0000e+00
 251.567240    16.2553    38.0772   4.762441     0.6168     1.2866  1028.2964     54.434    38.0747     54.000          3 0.0000e+00
 251.567247    16.2563    38.0790   4.762614     0.6118     1.2381  1028.2988     54.686    38.0753     54.250          2 0.0000e+00
 251.567254    16.2553    38.0768   4.762495     0.6132     1.1908  1028.2978     54.938    38.0750     54.500          3 0.0000e+00
 251.567260    16.2530    38.0748   4.762205     0.6136     1.1979  1028.2976     55.190    38.0745     54.750          1 0.0000e+00
 251.567266    16.2513    38.0755   4.762065     0.6137     1.2587  1028.2998     55.442    38.0749     55.000          2 0.0000e+00
 251.567270    16.2501    38.0764   4.762008     0.6131     1.3115  1028.3023     55.695    38.0752     55.250          2 0.0000e+00
 251.567276    16.2493    38.0770   4.761965     0.6122     1.3208  1028.3042     55.947    38.0756     55.500          2 0.0000e+00
 251.567282    16.2486    38.0773   4.761918     0.6113     1.3185  1028.3056     56.199    38.0758     55.750          2 0.0000e+00
 251.567288    16.2481    38.0775   4.761891     0.6098     1.3210  1028.3071     56.451    38.0759     56.000          2 0.0000e+00
 251.567295    16.2478    38.0778   4.761894     0.6122     1.3207  1028.3085     56.703    38.0761     56.250          2 0.0000e+00
 251.567300    16.2477    38.0778   4.761902     0.6297     1.3067  1028.3096     56.954    38.0761     56.500          3 0.0000e+00
 251.567307    16.2475    38.0778   4.761904     0.6369     1.3058  1028.3107     57.206    38.0763     56.750          2 0.0000e+00
 251.567313    16.2473    38.0776   4.761890     0.6296     1.3209  1028.3117     57.458    38.0762     57.000          2 0.0000e+00
 251.567319    16.2470    38.0775   4.761876     0.6221     1.3297  1028.3128     57.710    38.0762     57.250          2 0.0000e+00
 251.567324    16.2463    38.0770   4.761807     0.6178     1.3298  1028.3136     57.962    38.0762     57.500          2 0.0000e+00
 251.567330    16.2450    38.0762   4.761667     0.6165     1.3288  1028.3143     58.215    38.0760     57.750          2 0.0000e+00
 251.567335    16.2438    38.0762   4.761552     0.6172     1.3283  1028.3158     58.467    38.0761     58.000          2 0.0000e+00
 251.567341    16.2427    38.0766   4.761476     0.6194     1.3292  1028.3176     58.719    38.0763     58.250          2 0.0000e+00
 251.567348    16.2416    38.0766   4.761383     0.6218     1.3340  1028.3190     58.971    38.0764     58.500          2 0.0000e+00
 251.567353    16.2399    38.0763   4.761227     0.6209     1.3413  1028.3201     59.223    38.0765     58.750          2 0.0000e+00
 251.567360    16.2376    38.0760   4.761014     0.6113     1.3486  1028.3212     59.475    38.0768     59.000          2 0.0000e+00
 251.567367    16.2334    38.0750   4.760633     0.6012     1.3588  1028.3221     59.727    38.0772     59.250          3 0.0000e+00
 251.567373    16.2251    38.0718   4.759820     0.5950     1.3753  1028.3217     59.979    38.0778     59.500          2 0.0000e+00
 251.567379    16.2092    38.0642   4.758125     0.5911     1.3934  1028.3188     60.231    38.0777     59.750          2 0.0000e+00
 251.567384    16.1877    38.0550   4.755602     0.5880     1.4157  1028.3161     60.483    38.0755     60.000          1 0.0000e+00
 251.567389    16.1671    38.0559   4.753331     0.5878     1.4308  1028.3234     60.735    38.0748     60.250          2 0.0000e+00
 251.567396    16.1538    38.0681   4.752239     0.5966     1.4300  1028.3394     60.987    38.0776     60.500          3 0.0000e+00
 251.567403    16.1461    38.0776   4.751692     0.5985     1.4153  1028.3515     61.239    38.0799     60.750          3 0.0000e+00
 251.567412    16.1404    38.0811   4.751158     0.5832     1.3748  1028.3575     61.491    38.0806     61.000          1 0.0000e+00
