04_archives/Ressources/CTD/RAW_DATA/20240608b.cnv
* Sea-Bird SBE19plus Data File:
* FileName = C:\Users\Paul\Desktop\Instrumentation\sbe19plus\somlit\Data\Latest\20240608014.hex
* Software Version 1.59
* Temperature SN =  8056
* Conductivity SN =  8056
* System UpLoad Time = Sep 08 2025 14:36:02
* ds
* SBE 19plus V 3.1.8  SERIAL NO. 8056    08 Sep 2025 14:33:31
# nquan = 12
# nvalues = 229                         
# units = specified
# name 0 = timeJ: Julian Days
# name 1 = tv290C: Temperature [ITS-90, deg C]
# name 2 = sal00: Salinity, Practical [PSU]
# name 3 = c0S/m: Conductivity [S/m]
# name 4 = flECO-AFL: Fluorescence, WET Labs ECO-AFL/FL [mg/m^3]
# name 5 = turbWETntu0: Turbidity, WET Labs ECO [NTU]
# name 6 = density00: Density [density, kg/m^3]
# name 7 = prdM: Pressure, Strain Gauge [db]
# name 8 = sal00: Salinity, Practical [PSU]
# name 9 = depSM: Depth [salt water, m], lat = 42
# name 10 = nbin: number of scans per bin
# name 11 = flag: flag
# span 0 = 251.390121, 251.391483       
# span 1 =    16.3960,    21.5182       
# span 2 =    37.7664,    38.0636       
# span 3 =   4.775878,   5.315815       
# span 4 =     0.0550,     0.6536       
# span 5 =     0.4264,     1.7407       
# span 6 =  1026.5763,  1028.2484       
# span 7 =      1.009,     58.467       
# span 8 =    37.9235,    38.0618       
# span 9 =      1.000,     58.000       
# span 10 =          1,          3      
# span 11 = 0.0000e+00, 0.0000e+00      
# interval = meters: 0.25               
# start_time = Sep 08 2025 09:20:38 [Instrument's time stamp, header]
# bad_flag = -9.990e-29
*END*
[from data line 121]
 251.390836    18.6336    37.9866   5.007342     0.2485     0.6731  1027.5355     31.500    37.9911     31.250          2 0.0000e+00
 251.390842    18.6197    37.9833   5.005699     0.2502     0.6795  1027.5372     31.752    37.9898     31.500          3 0.0000e+00
 251.390848    18.6100    37.9886   5.004838     0.2481     0.6769  1027.5458     32.003    37.9914     31.750          2 0.0000e+00
 251.390855    18.6023    37.9921   5.004172     0.2465     0.6706  1027.5522     32.255    37.9926     32.000          2 0.0000e+00
 251.390862    18.5964    37.9936   5.003580     0.2454     0.6623  1027.5560     32.508    37.9929     32.250          2 0.0000e+00
 251.390868    18.5925    37.9953   5.003272     0.2458     0.6662  1027.5596     32.760    37.9938     32.500          2 0.0000e+00
 251.390874    18.5843    37.9921   5.002550     0.2471     0.6847  1027.5592     33.012    37.9952     32.750          2 0.0000e+00
 251.390879    18.5671    37.9819   5.000536     0.2511     0.6996  1027.5547     33.264    37.9937     33.000          2 0.0000e+00
 251.390883    18.5465    37.9780   4.998324     0.2579     0.7042  1027.5570     33.515    37.9938     33.250          2 0.0000e+00
 251.390889    18.5185    37.9727   4.995370     0.2659     0.7040  1027.5595     33.767    37.9943     33.500          2 0.0000e+00
 251.390894    18.4805    37.9655   4.991259     0.2739     0.6981  1027.5627     34.020    37.9942     33.750          2 0.0000e+00
 251.390901    18.4324    37.9582   4.985951     0.2805     0.6917  1027.5683     34.271    37.9931     34.000          2 0.0000e+00
 251.390907    18.3832    37.9607   4.980635     0.2841     0.6944  1027.5844     34.523    37.9929     34.250          2 0.0000e+00
 251.390913    18.3438    37.9766   4.976788     0.2868     0.7003  1027.6109     34.776    37.9963     34.500          2 0.0000e+00
 251.390921    18.3110    37.9870   4.973948     0.2955     0.6980  1027.6291     35.028    38.0023     34.750          3 0.0000e+00
 251.390927    18.2497    37.9602   4.967505     0.3070     0.6994  1027.6170     35.279    38.0037     35.000          2 0.0000e+00
 251.390932    18.1636    37.9172   4.957447     0.3163     0.7143  1027.5967     35.532    37.9970     35.250          1 0.0000e+00
 251.390937    18.0446    37.8799   4.944853     0.3265     0.7373  1027.5880     35.784    37.9990     35.500          2 0.0000e+00
 251.390940    17.8813    37.8157   4.926205     0.3376     0.7535  1027.5651     36.036    37.9895     35.750          1 0.0000e+00
 251.390945    17.6843    37.7664   4.901993     0.3557     0.7665  1027.5705     36.288    37.9631     36.000          2 0.0000e+00
 251.390951    17.5224    37.8551   4.885630     0.3804     0.7739  1027.7006     36.540    37.9720     36.250          3 0.0000e+00
 251.390959    17.4329    37.9873   4.879730     0.4140     0.7710  1027.8514     36.792    38.0043     36.500          2 0.0000e+00
 251.390966    17.3614    37.9919   4.873283     0.4287     0.7595  1027.8720     37.044    38.0150     36.750          3 0.0000e+00
 251.390972    17.2735    37.9543   4.862686     0.4311     0.7506  1027.8587     37.296    38.0047     37.000          1 0.0000e+00
 251.390978    17.1931    37.9523   4.854129     0.4372     0.7608  1027.8772     37.548    38.0052     37.250          2 0.0000e+00
 251.390983    17.1210    37.9607   4.846480     0.4548     0.7962  1027.9046     37.800    38.0058     37.500          2 0.0000e+00
 251.390988    17.0615    37.9829   4.840555     0.4741     0.8296  1027.9422     38.052    38.0096     37.750          2 0.0000e+00
 251.390993    17.0181    38.0100   4.836714     0.4873     0.8362  1027.9800     38.304    38.0167     38.000          2 0.0000e+00
 251.391000    16.9876    38.0268   4.834031     0.4965     0.8327  1028.0047     38.556    38.0217     38.250          2 0.0000e+00
 251.391006    16.9634    38.0337   4.831811     0.5029     0.8340  1028.0183     38.808    38.0249     38.500          2 0.0000e+00
 251.391011    16.9390    38.0344   4.829467     0.5092     0.8434  1028.0257     39.060    38.0272     38.750          2 0.0000e+00
 251.391018    16.9119    38.0322   4.826644     0.5196     0.8687  1028.0314     39.312    38.0278     39.000          2 0.0000e+00
 251.391023    16.8845    38.0343   4.823900     0.5342     0.8925  1028.0410     39.564    38.0293     39.250          2 0.0000e+00
 251.391030    16.8605    38.0379   4.821518     0.5519     0.8907  1028.0514     39.816    38.0309     39.500          2 0.0000e+00
 251.391036    16.8431    38.0427   4.819855     0.5660     0.8859  1028.0615     40.068    38.0326     39.750          2 0.0000e+00
 251.391041    16.8285    38.0455   4.818554     0.5722     0.8941  1028.0689     40.320    38.0348     40.000          2 0.0000e+00
 251.391047    16.8148    38.0468   4.817180     0.5765     0.9099  1028.0748     40.572    38.0354     40.250          2 0.0000e+00
 251.391053    16.8051    38.0523   4.816398     0.5782     0.9053  1028.0835     40.824    38.0376     40.500          3 0.0000e+00
 251.391060    16.7981    38.0549   4.815819     0.5779     0.8931  1028.0887     41.076    38.0390     40.750          2 0.0000e+00
 251.391066    16.7915    38.0542   4.815203     0.5723     0.8932  1028.0909     41.328    38.0397     41.000          2 0.0000e+00
 251.391071    16.7842    38.0525   4.814513     0.5660     0.8999  1028.0923     41.580    38.0404     41.250          1 0.0000e+00
 251.391075    16.7747    38.0504   4.813623     0.5678     0.9118  1028.0937     41.832    38.0415     41.500          2 0.0000e+00
 251.391081    16.7629    38.0484   4.812402     0.5749     0.9303  1028.0957     42.085    38.0418     41.750          2 0.0000e+00
 251.391088    16.7523    38.0506   4.811375     0.5766     0.9404  1028.1015     42.336    38.0426     42.000          2 0.0000e+00
 251.391094    16.7445    38.0538   4.810748     0.5730     0.9454  1028.1075     42.588    38.0443     42.250          3 0.0000e+00
 251.391100    16.7377    38.0553   4.810165     0.5780     0.9586  1028.1118     42.840    38.0455     42.500          2 0.0000e+00
 251.391106    16.7327    38.0575   4.809770     0.5910     0.9808  1028.1161     43.092    38.0466     42.750          2 0.0000e+00
 251.391113    16.7292    38.0591   4.809536     0.5974     0.9816  1028.1195     43.345    38.0478     43.000          2 0.0000e+00
 251.391120    16.7241    38.0573   4.809083     0.5972     0.9560  1028.1198     43.597    38.0485     43.250          2 0.0000e+00
 251.391126    16.7132    38.0510   4.807960     0.6148     0.9543  1028.1172     43.849    38.0487     43.500          2 0.0000e+00
 251.391130    16.6981    38.0441   4.806205     0.6428     0.9717  1028.1154     44.101    38.0474     43.750          2 0.0000e+00
 251.391135    16.6856    38.0460   4.804936     0.6455     1.0082  1028.1217     44.353    38.0479     44.000          2 0.0000e+00
 251.391140    16.6765    38.0524   4.804203     0.6275     1.0682  1028.1313     44.605    38.0500     44.250          2 0.0000e+00
 251.391147    16.6706    38.0588   4.803832     0.6092     1.0892  1028.1399     44.856    38.0521     44.500          2 0.0000e+00
 251.391154    16.6676    38.0619   4.803660     0.6016     1.0360  1028.1446     45.109    38.0534     44.750          3 0.0000e+00
 251.391161    16.6656    38.0627   4.803536     0.5981     1.0137  1028.1468     45.360    38.0541     45.000          2 0.0000e+00
 251.391168    16.6644    38.0630   4.803473     0.5966     1.0285  1028.1485     45.613    38.0546     45.250          2 0.0000e+00
 251.391175    16.6643    38.0636   4.803505     0.6087     1.0397  1028.1501     45.865    38.0549     45.500          2 0.0000e+00
 251.391181    16.6646    38.0635   4.803566     0.6327     1.0476  1028.1512     46.117    38.0550     45.750          2 0.0000e+00
 251.391185    16.6649    38.0632   4.803624     0.6452     1.0697  1028.1523     46.369    38.0552     46.000          2 0.0000e+00
 251.391190    16.6649    38.0629   4.803683     0.6536     1.1054  1028.1534     46.621    38.0555     46.250          2 0.0000e+00
 251.391195    16.6649    38.0628   4.803739     0.6523     1.1349  1028.1546     46.873    38.0559     46.500          1 0.0000e+00
 251.391201    16.6649    38.0630   4.803810     0.6263     1.1554  1028.1557     47.125    38.0565     46.750          3 0.0000e+00
 251.391209    16.6651    38.0630   4.803883     0.6101     1.1342  1028.1565     47.377    38.0568     47.000          3 0.0000e+00
 251.391216    16.6652    38.0623   4.803903     0.6104     1.0905  1028.1567     47.629    38.0568     47.250          2 0.0000e+00
 251.391223    16.6646    38.0616   4.803885     0.6080     1.0976  1028.1574     47.881    38.0571     47.500          2 0.0000e+00
 251.391229    16.6634    38.0609   4.803790     0.6028     1.1372  1028.1582     48.133    38.0573     47.750          2 0.0000e+00
 251.391235    16.6616    38.0603   4.803630     0.6055     1.1655  1028.1592     48.385    38.0575     48.000          2 0.0000e+00
 251.391239    16.6596    38.0601   4.803445     0.6155     1.1902  1028.1606     48.637    38.0576     48.250          2 0.0000e+00
 251.391245    16.6582    38.0608   4.803351     0.6253     1.2046  1028.1628     48.889    38.0580     48.500          2 0.0000e+00
 251.391251    16.6567    38.0609   4.803240     0.6354     1.2098  1028.1644     49.141    38.0584     48.750          2 0.0000e+00
 251.391257    16.6549    38.0606   4.803060     0.6319     1.1939  1028.1657     49.393    38.0584     49.000          2 0.0000e+00
 251.391264    16.6529    38.0606   4.802886     0.6106     1.1512  1028.1672     49.646    38.0586     49.250          2 0.0000e+00
 251.391270    16.6501    38.0600   4.802617     0.6140     1.1312  1028.1682     49.897    38.0588     49.500          3 0.0000e+00
 251.391277    16.6469    38.0592   4.802252     0.6265     1.1321  1028.1692     50.149    38.0585     49.750          2 0.0000e+00
 251.391283    16.6440    38.0591   4.801967     0.6159     1.1504  1028.1711     50.401    38.0585     50.000          2 0.0000e+00
 251.391289    16.6410    38.0587   4.801668     0.6011     1.1727  1028.1726     50.653    38.0586     50.250          2 0.0000e+00
 251.391293    16.6374    38.0579   4.801263     0.5969     1.1928  1028.1739     50.905    38.0584     50.500          2 0.0000e+00
 251.391300    16.6336    38.0580   4.800876     0.6018     1.2149  1028.1762     51.157    38.0585     50.750          2 0.0000e+00
 251.391307    16.6298    38.0586   4.800507     0.6024     1.2058  1028.1786     51.410    38.0587     51.000          2 0.0000e+00
 251.391314    16.6261    38.0587   4.800126     0.5949     1.1546  1028.1805     51.662    38.0587     51.250          3 0.0000e+00
 251.391319    16.6230    38.0591   4.799834     0.5992     1.1381  1028.1826     51.914    38.0590     51.500          2 0.0000e+00
 251.391325    16.6200    38.0590   4.799545     0.6112     1.1477  1028.1844     52.166    38.0592     51.750          2 0.0000e+00
 251.391331    16.6174    38.0591   4.799277     0.6283     1.1815  1028.1864     52.418    38.0591     52.000          1 0.0000e+00
 251.391336    16.6160    38.0604   4.799177     0.6475     1.2345  1028.1892     52.670    38.0595     52.250          2 0.0000e+00
 251.391342    16.6155    38.0616   4.799171     0.6427     1.2670  1028.1917     52.922    38.0598     52.500          2 0.0000e+00
 251.391347    16.6151    38.0621   4.799183     0.6163     1.2885  1028.1934     53.174    38.0601     52.750          2 0.0000e+00
 251.391353    16.6149    38.0622   4.799189     0.5995     1.2875  1028.1946     53.426    38.0603     53.000          2 0.0000e+00
 251.391361    16.6149    38.0623   4.799204     0.5969     1.2471  1028.1957     53.678    38.0603     53.250          3 0.0000e+00
 251.391368    16.6151    38.0622   4.799233     0.5914     1.2142  1028.1966     53.930    38.0603     53.500          2 0.0000e+00
 251.391374    16.6151    38.0619   4.799238     0.5798     1.2048  1028.1972     54.182    38.0602     53.750          2 0.0000e+00
 251.391380    16.6150    38.0617   4.799238     0.5780     1.2207  1028.1983     54.434    38.0602     54.000          2 0.0000e+00
 251.391385    16.6150    38.0616   4.799243     0.5805     1.2526  1028.1995     54.686    38.0601     54.250          2 0.0000e+00
 251.391390    16.6150    38.0615   4.799250     0.5841     1.2751  1028.2007     54.938    38.0602     54.500          2 0.0000e+00
 251.391395    16.6149    38.0615   4.799264     0.5902     1.2942  1028.2019     55.190    38.0602     54.750          2 0.0000e+00
 251.391401    16.6150    38.0617   4.799296     0.5981     1.2906  1028.2032     55.442    38.0603     55.000          2 0.0000e+00
 251.391408    16.6153    38.0617   4.799338     0.6089     1.2534  1028.2041     55.695    38.0603     55.250          2 0.0000e+00
 251.391415    16.6148    38.0608   4.799283     0.6102     1.2440  1028.2044     55.946    38.0602     55.500          3 0.0000e+00
 251.391421    16.6135    38.0600   4.799142     0.6057     1.2560  1028.2050     56.198    38.0600     55.750          2 0.0000e+00
 251.391427    16.6125    38.0604   4.799069     0.5994     1.2697  1028.2067     56.450    38.0602     56.000          2 0.0000e+00
 251.391433    16.6114    38.0606   4.799005     0.5899     1.2876  1028.2081     56.702    38.0606     56.250          2 0.0000e+00
 251.391440    16.6081    38.0588   4.798694     0.5833     1.3033  1028.2082     56.955    38.0610     56.500          2 0.0000e+00
 251.391445    16.5981    38.0532   4.797699     0.5792     1.3239  1028.2059     57.206    38.0615     56.750          2 0.0000e+00
 251.391451    16.5726    38.0394   4.795025     0.5809     1.3647  1028.1989     57.458    38.0618     57.000          2 0.0000e+00
 251.391457    16.5271    38.0186   4.789590     0.5889     1.4415  1028.1907     57.711    38.0566     57.250          2 0.0000e+00
 251.391465    16.4756    38.0266   4.784116     0.6002     1.5274  1028.2119     57.963    38.0568     57.500          3 0.0000e+00
 251.391474    16.4344    38.0440   4.780292     0.6080     1.6288  1028.2390     58.215    38.0618     57.750          3 0.0000e+00
 251.391483    16.3960    38.0422   4.775878     0.6028     1.7407  1028.2484     58.467    38.0589     58.000          2 0.0000e+00
