04_archives/Ressources/CTD/RAW_DATA/20240608a.cnv
* Sea-Bird SBE19plus Data File:
* FileName = C:\Users\Paul\Desktop\Instrumentation\sbe19plus\somlit\Data\Latest\20240608013.hex
* Software Version 1.59
* Temperature SN =  8056
* Conductivity SN =  8056
* System UpLoad Time = Sep 08 2025 14:34:52
* ds
* SBE 19plus V 3.1.8  SERIAL NO. 8056    08 Sep 2025 14:33:31
# nquan = 12
# nvalues = 326                         
# units = specified
# name 0 = timeJ: Julian Days
# name 1 = tv290C: Temperature [ITS-90, deg C]
# name 2 = sal00: Salinity, Practical [PSU]
# name 3 = c0S/m: Conductivity [S/m]
# name 4 = flECO-AFL: Fluorescence, WET Labs ECO-AFL/FL [mg/m^3]
# name 5 = turbWETntu0: Turbidity, WET Labs ECO [NTU]
# name 6 = density00: Density [density, kg/m^3]
# name 7 = prdM: Pressure, Strain Gauge [db]
# name 8 = sal00: Salinity, Practical [PSU]
# name 9 = depSM: Depth [salt water, m], lat = 42
# name 10 = nbin: number of scans per bin
# name 11 = flag: flag
# span 0 = 251.363492, 251.365425       
# span 1 =    15.1362,    21.6212       
# span 2 =    37.7125,    38.1397       
# span 3 =   4.651802,   5.328240       
# span 4 =     0.0345,     0.6659       
# span 5 =     0.3134,     1.2388       
# span 6 =  1026.5798,  1028.7297       
# span 7 =      1.009,     82.917       
# span 8 =    37.9069,    38.1389       
# span 9 =      1.000,     82.250       
# span 10 =          1,          3      
# span 11 = 0.0000e+00, 0.0000e+00      
# interval = meters: 0.25               
# start_time = Sep 08 2025 08:41:39 [Instrument's time stamp, header]
# bad_flag = -9.990e-29
*END*
[from data line 121]
 251.364199    18.4514    37.9479   4.984223     0.1392     0.4278  1027.5408     31.499    37.9618     31.250          2 0.0000e+00
 251.364206    18.3710    37.9339   4.976037     0.1435     0.4293  1027.5467     31.752    37.9659     31.500          2 0.0000e+00
 251.364211    18.2699    37.8992   4.964007     0.1463     0.4309  1027.5398     32.003    37.9562     31.750          2 0.0000e+00
 251.364217    18.1819    37.9094   4.954438     0.1476     0.4314  1027.5743     32.255    37.9552     32.000          2 0.0000e+00
 251.364223    18.1217    37.9518   4.949172     0.1479     0.4321  1027.6320     32.507    37.9657     32.250          2 0.0000e+00
 251.364229    18.0877    37.9869   4.946684     0.1459     0.4343  1027.6757     32.760    37.9758     32.500          2 0.0000e+00
 251.364235    18.0681    38.0006   4.945151     0.1430     0.4369  1027.6951     33.012    37.9807     32.750          2 0.0000e+00
 251.364242    18.0537    38.0050   4.943917     0.1419     0.4386  1027.7043     33.264    37.9833     33.000          2 0.0000e+00
 251.364248    18.0424    38.0083   4.943023     0.1419     0.4394  1027.7114     33.516    37.9860     33.250          3 0.0000e+00
 251.364254    18.0268    38.0061   4.941716     0.1426     0.4369  1027.7136     33.767    37.9892     33.500          2 0.0000e+00
 251.364259    17.9996    37.9938   4.938866     0.1440     0.4345  1027.7090     34.020    37.9897     33.750          2 0.0000e+00
 251.364265    17.9644    37.9799   4.934863     0.1472     0.4345  1027.7054     34.272    37.9878     34.000          1 0.0000e+00
 251.364270    17.9281    37.9801   4.931017     0.1525     0.4361  1027.7160     34.524    37.9882     34.250          2 0.0000e+00
 251.364277    17.9002    37.9972   4.928569     0.1530     0.4367  1027.7408     34.776    37.9930     34.500          3 0.0000e+00
 251.364284    17.8831    38.0154   4.927550     0.1538     0.4372  1027.7633     35.028    38.0000     34.750          2 0.0000e+00
 251.364291    17.8619    38.0098   4.925427     0.1614     0.4399  1027.7638     35.280    38.0012     35.000          3 0.0000e+00
 251.364297    17.8392    38.0071   4.923064     0.1661     0.4415  1027.7679     35.532    38.0019     35.250          2 0.0000e+00
 251.364303    17.8189    38.0095   4.921180     0.1651     0.4417  1027.7761     35.784    38.0044     35.500          2 0.0000e+00
 251.364308    17.7987    38.0102   4.919310     0.1619     0.4413  1027.7825     36.036    38.0070     35.750          1 0.0000e+00
 251.364314    17.7732    38.0045   4.916684     0.1617     0.4417  1027.7842     36.288    38.0078     36.000          2 0.0000e+00
 251.364319    17.7401    37.9972   4.913127     0.1630     0.4435  1027.7861     36.540    38.0078     36.250          2 0.0000e+00
 251.364325    17.7007    37.9935   4.908966     0.1646     0.4468  1027.7931     36.792    38.0084     36.500          2 0.0000e+00
 251.364332    17.6583    37.9944   4.904574     0.1673     0.4518  1027.8055     37.044    38.0097     36.750          2 0.0000e+00
 251.364337    17.6192    38.0023   4.900664     0.1656     0.4535  1027.8237     37.296    38.0122     37.000          3 0.0000e+00
 251.364344    17.5865    38.0115   4.897543     0.1642     0.4539  1027.8414     37.547    38.0155     37.250          2 0.0000e+00
 251.364351    17.5561    38.0113   4.894444     0.1692     0.4550  1027.8496     37.800    38.0169     37.500          2 0.0000e+00
 251.364356    17.5251    38.0069   4.891113     0.1741     0.4570  1027.8541     38.052    38.0168     37.750          2 0.0000e+00
 251.364361    17.4915    38.0040   4.887564     0.1751     0.4607  1027.8606     38.304    38.0173     38.000          2 0.0000e+00
 251.364367    17.4567    38.0060   4.883934     0.1746     0.4671  1027.8723     38.556    38.0181     38.250          2 0.0000e+00
 251.364374    17.4275    38.0197   4.881239     0.1766     0.4715  1027.8936     38.808    38.0219     38.500          2 0.0000e+00
 251.364381    17.4049    38.0274   4.879273     0.1831     0.4730  1027.9073     39.060    38.0258     38.750          3 0.0000e+00
 251.364387    17.3800    38.0227   4.876640     0.1862     0.4777  1027.9097     39.312    38.0261     39.000          2 0.0000e+00
 251.364392    17.3523    38.0161   4.873610     0.1885     0.4833  1027.9111     39.564    38.0254     39.250          1 0.0000e+00
 251.364397    17.3201    38.0097   4.870086     0.1913     0.4871  1027.9140     39.816    38.0248     39.500          2 0.0000e+00
 251.364403    17.2819    38.0041   4.865830     0.1953     0.4904  1027.9191     40.069    38.0232     39.750          2 0.0000e+00
 251.364409    17.2411    38.0045   4.861393     0.2011     0.4942  1027.9308     40.321    38.0226     40.000          2 0.0000e+00
 251.364415    17.2022    38.0123   4.857444     0.2099     0.4996  1027.9490     40.572    38.0245     40.250          2 0.0000e+00
 251.364421    17.1651    38.0152   4.853674     0.2113     0.5020  1027.9615     40.824    38.0263     40.500          3 0.0000e+00
 251.364428    17.1299    38.0149   4.849917     0.2102     0.5030  1027.9710     41.076    38.0263     40.750          2 0.0000e+00
 251.364434    17.1012    38.0203   4.846978     0.2102     0.5041  1027.9845     41.328    38.0274     41.000          2 0.0000e+00
 251.364440    17.0806    38.0298   4.845102     0.2116     0.5064  1027.9998     41.580    38.0303     41.250          2 0.0000e+00
 251.364445    17.0642    38.0367   4.843728     0.2169     0.5116  1028.0113     41.832    38.0335     41.500          2 0.0000e+00
 251.364451    17.0464    38.0370   4.842099     0.2263     0.5210  1028.0166     42.084    38.0359     41.750          2 0.0000e+00
 251.364457    17.0220    38.0317   4.839636     0.2360     0.5331  1028.0180     42.336    38.0371     42.000          2 0.0000e+00
 251.364463    16.9890    38.0242   4.836196     0.2495     0.5508  1028.0193     42.588    38.0379     42.250          2 0.0000e+00
 251.364469    16.9504    38.0203   4.832091     0.2706     0.5727  1028.0258     42.841    38.0380     42.500          2 0.0000e+00
 251.364475    16.9125    38.0259   4.828273     0.3051     0.6036  1028.0412     43.093    38.0400     42.750          2 0.0000e+00
 251.364482    16.8697    38.0229   4.823861     0.3218     0.6178  1028.0491     43.344    38.0414     43.000          3 0.0000e+00
 251.364488    16.8133    38.0060   4.817431     0.3271     0.6236  1028.0473     43.596    38.0379     43.250          2 0.0000e+00
 251.364495    16.7487    37.9922   4.810011     0.3261     0.6262  1028.0509     43.848    38.0332     43.500          2 0.0000e+00
 251.364500    16.6826    37.9907   4.802786     0.3188     0.6252  1028.0665     44.100    38.0318     43.750          2 0.0000e+00
 251.364506    16.6176    37.9934   4.795900     0.3124     0.6113  1028.0857     44.352    38.0322     44.000          2 0.0000e+00
 251.364512    16.5590    37.9996   4.789692     0.3077     0.5806  1028.1070     44.604    38.0326     44.250          2 0.0000e+00
 251.364518    16.5127    38.0137   4.785052     0.3044     0.5553  1028.1330     44.856    38.0352     44.500          2 0.0000e+00
 251.364523    16.4776    38.0283   4.781682     0.3004     0.5351  1028.1567     45.108    38.0385     44.750          2 0.0000e+00
 251.364529    16.4496    38.0385   4.779012     0.2963     0.5219  1028.1743     45.360    38.0412     45.000          2 0.0000e+00
 251.364536    16.4243    38.0425   4.776479     0.2923     0.5145  1028.1853     45.613    38.0426     45.250          2 0.0000e+00
 251.364543    16.4007    38.0437   4.774030     0.2915     0.5187  1028.1933     45.865    38.0431     45.500          3 0.0000e+00
 251.364549    16.3775    38.0442   4.771694     0.2920     0.5281  1028.2002     46.117    38.0442     45.750          2 0.0000e+00
 251.364555    16.3505    38.0397   4.768866     0.2943     0.5358  1028.2031     46.369    38.0447     46.000          2 0.0000e+00
 251.364561    16.3150    38.0289   4.764910     0.2974     0.5408  1028.2021     46.621    38.0430     46.250          2 0.0000e+00
 251.364566    16.2739    38.0191   4.760225     0.3008     0.5411  1028.2036     46.873    38.0402     46.500          2 0.0000e+00
 251.364572    16.2324    38.0162   4.755705     0.3060     0.5386  1028.2119     47.125    38.0392     46.750          1 0.0000e+00
 251.364577    16.1952    38.0216   4.751844     0.3105     0.5389  1028.2272     47.377    38.0401     47.000          2 0.0000e+00
 251.364582    16.1658    38.0360   4.749140     0.3130     0.5484  1028.2492     47.629    38.0437     47.250          2 0.0000e+00
 251.364589    16.1470    38.0528   4.747709     0.3155     0.5561  1028.2706     47.881    38.0488     47.500          3 0.0000e+00
 251.364596    16.1316    38.0584   4.746482     0.3210     0.5558  1028.2802     48.133    38.0525     47.750          2 0.0000e+00
 251.364603    16.1133    38.0545   4.744632     0.3355     0.5717  1028.2815     48.386    38.0533     48.000          2 0.0000e+00
 251.364608    16.0966    38.0563   4.743036     0.3625     0.6075  1028.2883     48.638    38.0548     48.250          2 0.0000e+00
 251.364614    16.0843    38.0638   4.742105     0.3899     0.6394  1028.2994     48.890    38.0582     48.500          2 0.0000e+00
 251.364620    16.0740    38.0685   4.741381     0.4217     0.6746  1028.3069     49.141    38.0614     48.750          2 0.0000e+00
 251.364626    16.0605    38.0658   4.740128     0.4417     0.7160  1028.3084     49.393    38.0630     49.000          2 0.0000e+00
 251.364632    16.0418    38.0593   4.738048     0.4534     0.7673  1028.3075     49.646    38.0621     49.250          2 0.0000e+00
 251.364637    16.0232    38.0577   4.735933     0.4418     0.7701  1028.3118     49.898    38.0607     49.500          2 0.0000e+00
 251.364643    16.0069    38.0618   4.734373     0.3938     0.7135  1028.3206     50.150    38.0622     49.750          2 0.0000e+00
 251.364650    15.9914    38.0626   4.732795     0.3456     0.6539  1028.3260     50.402    38.0628     50.000          2 0.0000e+00
 251.364656    15.9763    38.0620   4.731140     0.3213     0.6321  1028.3304     50.654    38.0622     50.250          2 0.0000e+00
 251.364661    15.9643    38.0654   4.729965     0.3057     0.6121  1028.3377     50.906    38.0632     50.500          2 0.0000e+00
 251.364667    15.9534    38.0671   4.728996     0.2956     0.5744  1028.3428     51.158    38.0647     50.750          3 0.0000e+00
 251.364673    15.9386    38.0638   4.727466     0.2964     0.5567  1028.3441     51.410    38.0650     51.000          2 0.0000e+00
 251.364679    15.9224    38.0617   4.725716     0.3091     0.5607  1028.3470     51.662    38.0647     51.250          2 0.0000e+00
 251.364686    15.9086    38.0653   4.724384     0.3195     0.5714  1028.3548     51.913    38.0657     51.500          2 0.0000e+00
 251.364691    15.8989    38.0709   4.723569     0.3238     0.5810  1028.3635     52.165    38.0676     51.750          2 0.0000e+00
 251.364698    15.8910    38.0737   4.722919     0.3304     0.5869  1028.3688     52.418    38.0693     52.000          2 0.0000e+00
 251.364704    15.8817    38.0718   4.721980     0.3438     0.5907  1028.3702     52.670    38.0697     52.250          2 0.0000e+00
 251.364710    15.8718    38.0703   4.720937     0.3552     0.5971  1028.3722     52.922    38.0696     52.500          2 0.0000e+00
 251.364715    15.8634    38.0717   4.720120     0.3706     0.6121  1028.3768     53.173    38.0702     52.750          2 0.0000e+00
 251.364720    15.8569    38.0747   4.719561     0.3862     0.6335  1028.3822     53.426    38.0713     53.000          2 0.0000e+00
 251.364726    15.8520    38.0770   4.719169     0.3959     0.6620  1028.3866     53.678    38.0724     53.250          2 0.0000e+00
 251.364732    15.8478    38.0778   4.718815     0.4032     0.6856  1028.3896     53.930    38.0731     53.500          2 0.0000e+00
 251.364737    15.8434    38.0780   4.718431     0.4125     0.6907  1028.3919     54.182    38.0737     53.750          2 0.0000e+00
 251.364742    15.8387    38.0781   4.718005     0.4247     0.6876  1028.3942     54.434    38.0743     54.000          2 0.0000e+00
 251.364749    15.8344    38.0793   4.717636     0.4422     0.6873  1028.3974     54.686    38.0750     54.250          2 0.0000e+00
 251.364756    15.8307    38.0805   4.717337     0.4597     0.6876  1028.4002     54.938    38.0757     54.500          2 0.0000e+00
 251.364763    15.8255    38.0783   4.716802     0.4644     0.6795  1028.4003     55.190    38.0758     54.750          2 0.0000e+00
 251.364769    15.8184    38.0751   4.715988     0.4680     0.6782  1028.4001     55.442    38.0752     55.000          2 0.0000e+00
 251.364773    15.8121    38.0753   4.715351     0.4796     0.6969  1028.4032     55.695    38.0754     55.250          2 0.0000e+00
 251.364778    15.8078    38.0781   4.715006     0.4996     0.7308  1028.4079     55.946    38.0763     55.500          2 0.0000e+00
 251.364784    15.8053    38.0808   4.714840     0.5178     0.7534  1028.4122     56.198    38.0771     55.750          2 0.0000e+00
 251.364790    15.8039    38.0824   4.714769     0.5364     0.7664  1028.4151     56.450    38.0777     56.000          2 0.0000e+00
 251.364796    15.8031    38.0829   4.714731     0.5481     0.7766  1028.4168     56.702    38.0780     56.250          2 0.0000e+00
 251.364801    15.8024    38.0829   4.714699     0.5569     0.7905  1028.4182     56.954    38.0783     56.500          2 0.0000e+00
 251.364806    15.8017    38.0827   4.714654     0.5679     0.8085  1028.4195     57.207    38.0784     56.750          1 0.0000e+00
 251.364812    15.8008    38.0826   4.714601     0.5880     0.8407  1028.4209     57.459    38.0788     57.000          2 0.0000e+00
 251.364818    15.8002    38.0833   4.714609     0.6068     0.8533  1028.4227     57.711    38.0792     57.250          3 0.0000e+00
 251.364825    15.8014    38.0849   4.714810     0.6162     0.8205  1028.4247     57.963    38.0798     57.500          3 0.0000e+00
 251.364832    15.8014    38.0836   4.714833     0.6205     0.8056  1028.4242     58.215    38.0799     57.750          2 0.0000e+00
 251.364838    15.7991    38.0802   4.714518     0.6237     0.8054  1028.4228     58.467    38.0791     58.000          1 0.0000e+00
 251.364843    15.7961    38.0790   4.714184     0.6262     0.8143  1028.4237     58.719    38.0789     58.250          2 0.0000e+00
 251.364848    15.7932    38.0793   4.713929     0.6281     0.8337  1028.4261     58.971    38.0793     58.500          2 0.0000e+00
 251.364852    15.7905    38.0801   4.713714     0.6312     0.8547  1028.4287     59.223    38.0798     58.750          1 0.0000e+00
 251.364858    15.7883    38.0817   4.713567     0.6387     0.8632  1028.4316     59.475    38.0806     59.000          2 0.0000e+00
 251.364864    15.7870    38.0832   4.713508     0.6524     0.8549  1028.4343     59.727    38.0812     59.250          3 0.0000e+00
 251.364872    15.7863    38.0840   4.713486     0.6611     0.8328  1028.4360     59.979    38.0816     59.500          2 0.0000e+00
 251.364878    15.7857    38.0841   4.713469     0.6659     0.8223  1028.4373     60.231    38.0819     59.750          2 0.0000e+00
 251.364883    15.7849    38.0839   4.713421     0.6656     0.8524  1028.4384     60.483    38.0820     60.000          2 0.0000e+00
 251.364889    15.7842    38.0839   4.713371     0.6643     0.8845  1028.4399     60.736    38.0822     60.250          2 0.0000e+00
 251.364894    15.7834    38.0843   4.713361     0.6638     0.9056  1028.4416     60.987    38.0827     60.500          2 0.0000e+00
 251.364900    15.7826    38.0846   4.713337     0.6631     0.9290  1028.4431     61.239    38.0832     60.750          2 0.0000e+00
