04_archives/Ressources/CTD/RAW_DATA/20240608d.cnv
* Sea-Bird SBE19plus Data File:
* FileName = C:\Users\Paul\Desktop\Instrumentation\sbe19plus\somlit\Data\Latest\20240608016.hex
* Software Version 1.59
* Temperature SN =  8056
* Conductivity SN =  8056
* System UpLoad Time = Sep 08 2025 14:37:52
* ds
* SBE 19plus V 3.1.8  SERIAL NO. 8056    08 Sep 2025 14:33:31
# nquan = 12
# nvalues = 241                         
# units = specified
# name 0 = timeJ: Julian Days
# name 1 = tv290C: Temperature [ITS-90, deg C]
# name 2 = sal00: Salinity, Practical [PSU]
# name 3 = c0S/m: Conductivity [S/m]
# name 4 = flECO-AFL: Fluorescence, WET Labs ECO-AFL/FL [mg/m^3]
# name 5 = turbWETntu0: Turbidity, WET Labs ECO [NTU]
# name 6 = density00: Density [density, kg/m^3]
# name 7 = prdM: Pressure, Strain Gauge [db]
# name 8 = sal00: Salinity, Practical [PSU]
# name 9 = depSM: Depth [salt water, m], lat = 42
# name 10 = nbin: number of scans per bin
# name 11 = flag: flag
# span 0 = 251.566016, 251.567412       
# span 1 =    16.1404,    21.6832       
# span 2 =    37.7987,    38.0811       
# span 3 =   4.751158,   5.333494       
# span 4 =     0.0904,     0.6965       
# span 5 =     0.4231,     1.4308       
# span 6 =  1026.5508,  1028.3575       
# span 7 =      1.008,     61.491       
# span 8 =    37.9247,    38.0806       
# span 9 =      1.000,     61.000       
# span 10 =          1,          3      
# span 11 = 0.0000e+00, 0.0000e+00      
# interval = meters: 0.25               
# start_time = Sep 08 2025 13:34:22 [Instrument's time stamp, header]
# bad_flag = -9.990e-29
*END*
 251.566016    21.6832    37.9458   5.333494     0.0992     0.4354  1026.5508      1.008    37.9482      1.000          1 0.0000e+00
 251.566023    21.6742    37.9437   5.332555     0.0978     0.4342  1026.5522      1.260    37.9484      1.250          3 0.0000e+00
 251.566031    21.6665    37.9435   5.331716     0.0960     0.4332  1026.5553      1.512    37.9484      1.500          2 0.0000e+00
 251.566038    21.6600    37.9429   5.330859     0.0955     0.4344  1026.5580      1.764    37.9472      1.750          2 0.0000e+00
 251.566045    21.6539    37.9406   5.329873     0.0978     0.4371  1026.5591      2.016    37.9446      2.000          2 0.0000e+00
 251.566050    21.6477    37.9385   5.328996     0.1035     0.4399  1026.5601      2.268    37.9429      2.250          2 0.0000e+00
 251.566055    21.6419    37.9382   5.328338     0.1078     0.4422  1026.5627      2.520    37.9426      2.500          2 0.0000e+00
 251.566060    21.6373    37.9393   5.327889     0.1057     0.4433  1026.5663      2.771    37.9430      2.750          2 0.0000e+00
 251.566066    21.6337    37.9412   5.327591     0.1023     0.4438  1026.5704      3.023    37.9437      3.000          2 0.0000e+00
 251.566071    21.6310    37.9432   5.327391     0.0994     0.4427  1026.5741      3.275    37.9445      3.250          2 0.0000e+00
 251.566078    21.6291    37.9448   5.327260     0.0961     0.4394  1026.5772      3.528    37.9450      3.500          2 0.0000e+00
 251.566085    21.6283    37.9457   5.327199     0.0946     0.4365  1026.5791      3.780    37.9451      3.750          2 0.0000e+00
 251.566091    21.6279    37.9460   5.327192     0.0943     0.4342  1026.5807      4.032    37.9453      4.000          2 0.0000e+00
 251.566096    21.6277    37.9463   5.327222     0.0948     0.4356  1026.5823      4.284    37.9456      4.250          2 0.0000e+00
 251.566101    21.6275    37.9465   5.327241     0.0958     0.4393  1026.5837      4.535    37.9459      4.500          2 0.0000e+00
 251.566105    21.6272    37.9465   5.327225     0.0949     0.4420  1026.5849      4.788    37.9459      4.750          2 0.0000e+00
 251.566111    21.6269    37.9463   5.327193     0.0920     0.4442  1026.5860      5.040    37.9458      5.000          2 0.0000e+00
 251.566117    21.6265    37.9463   5.327161     0.0904     0.4450  1026.5871      5.292    37.9458      5.250          2 0.0000e+00
 251.566124    21.6260    37.9462   5.327121     0.0922     0.4443  1026.5881      5.543    37.9458      5.500          2 0.0000e+00
 251.566129    21.6252    37.9462   5.327062     0.0948     0.4440  1026.5892      5.795    37.9459      5.750          2 0.0000e+00
 251.566136    21.6242    37.9459   5.326969     0.0974     0.4453  1026.5903      6.048    37.9460      6.000          2 0.0000e+00
 251.566142    21.6228    37.9457   5.326843     0.0990     0.4470  1026.5915      6.300    37.9461      6.250          2 0.0000e+00
 251.566148    21.6213    37.9454   5.326672     0.0973     0.4481  1026.5927      6.552    37.9460      6.500          2 0.0000e+00
 251.566154    21.6203    37.9459   5.326594     0.0965     0.4485  1026.5947      6.804    37.9462      6.750          2 0.0000e+00
 251.566158    21.6198    37.9465   5.326573     0.0983     0.4475  1026.5966      7.055    37.9463      7.000          2 0.0000e+00
 251.566164    21.6195    37.9469   5.326572     0.1006     0.4463  1026.5982      7.307    37.9465      7.250          2 0.0000e+00
 251.566169    21.6194    37.9471   5.326583     0.1030     0.4457  1026.5996      7.559    37.9466      7.500          2 0.0000e+00
 251.566176    21.6188    37.9469   5.326548     0.1046     0.4448  1026.6005      7.811    37.9467      7.750          2 0.0000e+00
 251.566181    21.6171    37.9459   5.326378     0.1036     0.4435  1026.6009      8.063    37.9468      8.000          2 0.0000e+00
 251.566187    21.6128    37.9435   5.325877     0.1018     0.4430  1026.6006      8.315    37.9465      8.250          2 0.0000e+00
 251.566194    21.6059    37.9406   5.325032     0.1008     0.4456  1026.6007      8.568    37.9457      8.500          2 0.0000e+00
 251.566199    21.5992    37.9397   5.324184     0.1009     0.4507  1026.6029      8.819    37.9446      8.750          2 0.0000e+00
 251.566205    21.5952    37.9419   5.323773     0.1012     0.4538  1026.6075      9.071    37.9449      9.000          2 0.0000e+00
 251.566209    21.5938    37.9451   5.323679     0.1013     0.4554  1026.6125      9.323    37.9452      9.250          1 0.0000e+00
 251.566215    21.5941    37.9487   5.323955     0.1012     0.4558  1026.6168      9.575    37.9471      9.500          2 0.0000e+00
 251.566221    21.5904    37.9452   5.323589     0.1007     0.4549  1026.6151      9.827    37.9473      9.750          2 0.0000e+00
 251.566227    21.5792    37.9368   5.322107     0.0984     0.4542  1026.6108     10.079    37.9453     10.000          2 0.0000e+00
 251.566233    21.5606    37.9308   5.319887     0.0930     0.4559  1026.6109     10.331    37.9437     10.250          3 0.0000e+00
 251.566239    21.5359    37.9241   5.316991     0.0909     0.4592  1026.6119     10.583    37.9422     10.500          2 0.0000e+00
 251.566244    21.5073    37.9174   5.313554     0.0939     0.4661  1026.6142     10.835    37.9397     10.750          2 0.0000e+00
 251.566250    21.4774    37.9142   5.310184     0.0996     0.4745  1026.6203     11.087    37.9390     11.000          1 0.0000e+00
 251.566255    21.4436    37.9097   5.306467     0.1050     0.4801  1026.6259     11.339    37.9388     11.250          2 0.0000e+00
 251.566260    21.4041    37.9020   5.301817     0.1104     0.4853  1026.6303     11.591    37.9363     11.500          2 0.0000e+00
 251.566265    21.3623    37.8984   5.296878     0.1152     0.4916  1026.6400     11.843    37.9334     11.750          2 0.0000e+00
 251.566270    21.3232    37.9032   5.292447     0.1212     0.4998  1026.6574     12.095    37.9321     12.000          2 0.0000e+00
 251.566276    21.2927    37.9164   5.289306     0.1253     0.5027  1026.6804     12.347    37.9337     12.250          2 0.0000e+00
 251.566283    21.2730    37.9300   5.287547     0.1261     0.4983  1026.7004     12.599    37.9368     12.500          2 0.0000e+00
 251.566289    21.2602    37.9363   5.286395     0.1244     0.4961  1026.7112     12.851    37.9388     12.750          2 0.0000e+00
 251.566294    21.2495    37.9378   5.285340     0.1213     0.4978  1026.7167     13.103    37.9396     13.000          2 0.0000e+00
 251.566300    21.2385    37.9373   5.284173     0.1188     0.5005  1026.7204     13.355    37.9399     13.250          2 0.0000e+00
 251.566305    21.2272    37.9369   5.282962     0.1166     0.5046  1026.7243     13.607    37.9400     13.500          1 0.0000e+00
 251.566311    21.2144    37.9369   5.281666     0.1152     0.5091  1026.7289     13.859    37.9408     13.750          3 0.0000e+00
 251.566317    21.1922    37.9320   5.279517     0.1168     0.5091  1026.7299     14.111    37.9431     14.000          2 0.0000e+00
 251.566323    21.1419    37.9124   5.274593     0.1192     0.5066  1026.7220     14.363    37.9478     14.250          2 0.0000e+00
 251.566328    21.0446    37.8683   5.264397     0.1221     0.5042  1026.7008     14.615    37.9516     14.500          1 0.0000e+00
 251.566334    20.8941    37.8047   5.246183     0.1256     0.5023  1026.6784     14.867    37.9374     14.750          2 0.0000e+00
 251.566339    20.7440    37.7987   5.228207     0.1267     0.5023  1026.7176     15.119    37.9247     15.000          2 0.0000e+00
 251.566345    20.6298    37.8542   5.216398     0.1279     0.5038  1026.8071     15.371    37.9301     15.250          2 0.0000e+00
 251.566351    20.5673    37.9119   5.210932     0.1327     0.5039  1026.8832     15.623    37.9413     15.500          3 0.0000e+00
 251.566358    20.5327    37.9398   5.207928     0.1361     0.5028  1026.9217     15.875    37.9476     15.750          2 0.0000e+00
 251.566363    20.5095    37.9509   5.205703     0.1343     0.5018  1026.9405     16.127    37.9500     16.000          2 0.0000e+00
 251.566369    20.4922    37.9561   5.203956     0.1309     0.5012  1026.9518     16.379    37.9511     16.250          1 0.0000e+00
 251.566374    20.4798    37.9613   5.202764     0.1307     0.5009  1026.9619     16.631    37.9524     16.500          2 0.0000e+00
 251.566380    20.4729    37.9661   5.202134     0.1353     0.5005  1026.9698     16.883    37.9533     16.750          3 0.0000e+00
 251.566386    20.4690    37.9681   5.201742     0.1375     0.5001  1026.9743     17.135    37.9535     17.000          2 0.0000e+00
 251.566392    20.4664    37.9684   5.201465     0.1366     0.4994  1026.9768     17.387    37.9535     17.250          2 0.0000e+00
 251.566398    20.4643    37.9676   5.201237     0.1364     0.4993  1026.9780     17.639    37.9534     17.500          2 0.0000e+00
 251.566403    20.4619    37.9667   5.201020     0.1376     0.5000  1026.9791     17.891    37.9536     17.750          1 0.0000e+00
 251.566409    20.4593    37.9656   5.200745     0.1372     0.5005  1026.9799     18.143    37.9536     18.000          2 0.0000e+00
 251.566415    20.4568    37.9652   5.200494     0.1337     0.5007  1026.9813     18.395    37.9537     18.250          2 0.0000e+00
 251.566420    20.4535    37.9641   5.200187     0.1297     0.5002  1026.9824     18.647    37.9540     18.500          2 0.0000e+00
 251.566426    20.4490    37.9621   5.199687     0.1292     0.4969  1026.9829     18.899    37.9539     18.750          2 0.0000e+00
 251.566431    20.4442    37.9616   5.199211     0.1297     0.4932  1026.9847     19.151    37.9542     19.000          2 0.0000e+00
 251.566437    20.4386    37.9608   5.198660     0.1317     0.4893  1026.9865     19.403    37.9546     19.250          2 0.0000e+00
 251.566443    20.4301    37.9578   5.197734     0.1351     0.4838  1026.9868     19.656    37.9545     19.500          2 0.0000e+00
 251.566448    20.4213    37.9558   5.196674     0.1333     0.4807  1026.9886     19.907    37.9536     19.750          2 0.0000e+00
 251.566453    20.4148    37.9583   5.196089     0.1262     0.4795  1026.9940     20.159    37.9546     20.000          2 0.0000e+00
 251.566459    20.4083    37.9587   5.195444     0.1200     0.4833  1026.9974     20.411    37.9550     20.250          2 0.0000e+00
 251.566465    20.4030    37.9594   5.194861     0.1147     0.4924  1027.0007     20.663    37.9549     20.500          2 0.0000e+00
 251.566471    20.4003    37.9618   5.194632     0.1122     0.4938  1027.0050     20.915    37.9554     20.750          2 0.0000e+00
 251.566476    20.3998    37.9640   5.194683     0.1120     0.4849  1027.0085     21.167    37.9561     21.000          2 0.0000e+00
 251.566481    20.3998    37.9646   5.194757     0.1121     0.4758  1027.0103     21.419    37.9566     21.250          1 0.0000e+00
 251.566486    20.3994    37.9640   5.194746     0.1123     0.4687  1027.0109     21.671    37.9567     21.500          2 0.0000e+00
 251.566492    20.3990    37.9636   5.194744     0.1126     0.4629  1027.0119     21.923    37.9570     21.750          2 0.0000e+00
 251.566497    20.3980    37.9632   5.194695     0.1130     0.4576  1027.0128     22.175    37.9574     22.000          2 0.0000e+00
 251.566503    20.3949    37.9616   5.194419     0.1134     0.4534  1027.0129     22.427    37.9579     22.250          2 0.0000e+00
 251.566509    20.3875    37.9576   5.193620     0.1127     0.4521  1027.0118     22.680    37.9578     22.500          2 0.0000e+00
 251.566515    20.3777    37.9542   5.192413     0.1128     0.4525  1027.0123     22.932    37.9566     22.750          2 0.0000e+00
 251.566521    20.3703    37.9565   5.191695     0.1139     0.4529  1027.0176     23.184    37.9573     23.000          2 0.0000e+00
 251.566526    20.3634    37.9574   5.191040     0.1158     0.4535  1027.0214     23.435    37.9580     23.250          2 0.0000e+00
 251.566532    20.3550    37.9561   5.190169     0.1151     0.4530  1027.0234     23.687    37.9583     23.500          2 0.0000e+00
 251.566537    20.3426    37.9526   5.188827     0.1116     0.4511  1027.0241     23.939    37.9582     23.750          2 0.0000e+00
 251.566542    20.3231    37.9464   5.186724     0.1090     0.4485  1027.0239     24.191    37.9584     24.000          2 0.0000e+00
 251.566548    20.2921    37.9353   5.183386     0.1077     0.4448  1027.0213     24.443    37.9587     24.250          1 0.0000e+00
 251.566554    20.2362    37.9104   5.176797     0.1071     0.4410  1027.0118     24.695    37.9546     24.500          2 0.0000e+00
 251.566560    20.1514    37.8872   5.166698     0.1074     0.4357  1027.0126     24.947    37.9474     24.750          3 0.0000e+00
 251.566566    20.0567    37.8779   5.156094     0.1084     0.4309  1027.0293     25.199    37.9450     25.000          2 0.0000e+00
 251.566572    19.9617    37.8744   5.145291     0.1101     0.4268  1027.0528     25.451    37.9411     25.250          2 0.0000e+00
 251.566578    19.8793    37.8886   5.136485     0.1108     0.4243  1027.0903     25.703    37.9425     25.500          2 0.0000e+00
 251.566584    19.8072    37.9030   5.129198     0.1078     0.4231  1027.1241     25.955    37.9471     25.750          2 0.0000e+00
 251.566590    19.7294    37.8995   5.120948     0.1056     0.4236  1027.1413     26.207    37.9487     26.000          2 0.0000e+00
 251.566596    19.6410    37.8874   5.111011     0.1083     0.4268  1027.1536     26.460    37.9459     26.250          2 0.0000e+00
 251.566601    19.5543    37.8888   5.101546     0.1116     0.4301  1027.1789     26.711    37.9456     26.500          2 0.0000e+00
 251.566607    19.4791    37.9006   5.093569     0.1155     0.4326  1027.2117     26.963    37.9471     26.750          2 0.0000e+00
 251.566613    19.4193    37.9195   5.087644     0.1205     0.4358  1027.2471     27.215    37.9517     27.000          2 0.0000e+00
 251.566618    19.3735    37.9388   5.083283     0.1275     0.4414  1027.2792     27.467    37.9568     27.250          2 0.0000e+00
 251.566624    19.3412    37.9577   5.080415     0.1333     0.4475  1027.3074     27.719    37.9620     27.500          2 0.0000e+00
 251.566631    19.3190    37.9725   5.078619     0.1368     0.4511  1027.3287     27.972    37.9671     27.750          2 0.0000e+00
 251.566638    19.3028    37.9789   5.077153     0.1407     0.4540  1027.3403     28.223    37.9695     28.000          3 0.0000e+00
 251.566644    19.2908    37.9833   5.076137     0.1427     0.4557  1027.3487     28.475    37.9719     28.250          2 0.0000e+00
 251.566650    19.2750    37.9807   5.074740     0.1451     0.4579  1027.3507     28.727    37.9744     28.500          2 0.0000e+00
 251.566656    19.2488    37.9692   5.071797     0.1497     0.4625  1027.3470     28.979    37.9734     28.750          2 0.0000e+00
 251.566662    19.2174    37.9646   5.068434     0.1538     0.4686  1027.3516     29.231    37.9737     29.000          2 0.0000e+00
 251.566668    19.1858    37.9684   5.065359     0.1562     0.4769  1027.3641     29.483    37.9766     29.250          2 0.0000e+00
 251.566673    19.1574    37.9737   5.062566     0.1585     0.4863  1027.3776     29.735    37.9789     29.500          2 0.0000e+00
 251.566680    19.1374    37.9829   5.060795     0.1625     0.4956  1027.3929     29.988    37.9822     29.750          2 0.0000e+00
 251.566685    19.1243    37.9902   5.059761     0.1687     0.5072  1027.4043     30.239    37.9854     30.000          2 0.0000e+00
 251.566690    19.1108    37.9911   5.058565     0.1733     0.5140  1027.4095     30.491    37.9875     30.250          2 0.0000e+00
 251.566696    19.0933    37.9869   5.056789     0.1772     0.5182  1027.4108     30.744    37.9885     30.500          1 0.0000e+00
 251.566700    19.0670    37.9797   5.054041     0.1812     0.5224  1027.4112     30.996    37.9893     30.750          2 0.0000e+00
