04_archives/Ressources/CTD/RAW_DATA/20240608a.cnv
* Sea-Bird SBE19plus Data File:
* FileName = C:\Users\Paul\Desktop\Instrumentation\sbe19plus\somlit\Data\Latest\20240608013.hex
* Software Version 1.59
* Temperature SN =  8056
* Conductivity SN =  8056
* System UpLoad Time = Sep 08 2025 14:34:52
* ds
* SBE 19plus V 3.1.8  SERIAL NO. 8056    08 Sep 2025 14:33:31
# nquan = 12
# nvalues = 326                         
# units = specified
# name 0 = timeJ: Julian Days
# name 1 = tv290C: Temperature [ITS-90, deg C]
# name 2 = sal00: Salinity, Practical [PSU]
# name 3 = c0S/m: Conductivity [S/m]
# name 4 = flECO-AFL: Fluorescence, WET Labs ECO-AFL/FL [mg/m^3]
# name 5 = turbWETntu0: Turbidity, WET Labs ECO [NTU]
# name 6 = density00: Density [density, kg/m^3]
# name 7 = prdM: Pressure, Strain Gauge [db]
# name 8 = sal00: Salinity, Practical [PSU]
# name 9 = depSM: Depth [salt water, m], lat = 42
# name 10 = nbin: number of scans per bin
# name 11 = flag: flag
# span 0 = 251.363492, 251.365425       
# span 1 =    15.1362,    21.6212       
# span 2 =    37.7125,    38.1397       
# span 3 =   4.651802,   5.328240       
# span 4 =     0.0345,     0.6659       
# span 5 =     0.3134,     1.2388       
# span 6 =  1026.5798,  1028.7297       
# span 7 =      1.009,     82.917       
# span 8 =    37.9069,    38.1389       
# span 9 =      1.000,     82.250       
# span 10 =          1,          3      
# span 11 = 0.0000e+00, 0.0000e+00      
# interval = meters: 0.25               
# start_time = Sep 08 2025 08:41:39 [Instrument's time stamp, header]
# bad_flag = -9.990e-29
*END*
 251.363492    21.6212    37.9600   5.328171     0.1317     0.3134  1026.5798      1.009    37.9602      1.000          1 0.0000e+00
 251.363500    21.6203    37.9609   5.328240     0.0911     0.3709  1026.5819      1.260    37.9615      1.250          2 0.0000e+00
 251.363507    21.6187    37.9604   5.328077     0.0641     0.4140  1026.5830      1.512    37.9614      1.500          3 0.0000e+00
 251.363514    21.6175    37.9606   5.327960     0.0461     0.4221  1026.5849      1.764    37.9615      1.750          2 0.0000e+00
 251.363520    21.6157    37.9603   5.327790     0.0358     0.4182  1026.5861      2.015    37.9616      2.000          2 0.0000e+00
 251.363526    21.6135    37.9594   5.327476     0.0453     0.4151  1026.5868      2.268    37.9610      2.250          2 0.0000e+00
 251.363532    21.6122    37.9602   5.327362     0.0547     0.4140  1026.5892      2.520    37.9611      2.500          2 0.0000e+00
 251.363538    21.6114    37.9606   5.327288     0.0475     0.4140  1026.5909      2.772    37.9612      2.750          2 0.0000e+00
 251.363543    21.6105    37.9606   5.327213     0.0404     0.4143  1026.5925      3.023    37.9612      3.000          2 0.0000e+00
 251.363548    21.6097    37.9607   5.327131     0.0388     0.4156  1026.5941      3.275    37.9612      3.250          2 0.0000e+00
 251.363555    21.6093    37.9613   5.327109     0.0390     0.4172  1026.5957      3.528    37.9612      3.500          2 0.0000e+00
 251.363562    21.6096    37.9621   5.327192     0.0369     0.4179  1026.5971      3.780    37.9615      3.750          2 0.0000e+00
 251.363568    21.6096    37.9617   5.327194     0.0345     0.4176  1026.5978      4.032    37.9615      4.000          2 0.0000e+00
 251.363573    21.6090    37.9611   5.327132     0.0402     0.4161  1026.5988      4.284    37.9614      4.250          2 0.0000e+00
 251.363578    21.6077    37.9604   5.326991     0.0518     0.4140  1026.5996      4.536    37.9613      4.500          2 0.0000e+00
 251.363584    21.6062    37.9601   5.326818     0.0552     0.4131  1026.6008      4.788    37.9612      4.750          2 0.0000e+00
 251.363590    21.6038    37.9597   5.326582     0.0522     0.4134  1026.6019      5.040    37.9614      5.000          2 0.0000e+00
 251.363596    21.5996    37.9578   5.326097     0.0522     0.4141  1026.6022      5.292    37.9611      5.250          2 0.0000e+00
 251.363601    21.5945    37.9564   5.325458     0.0539     0.4146  1026.6034      5.544    37.9603      5.500          2 0.0000e+00
 251.363608    21.5901    37.9573   5.324970     0.0530     0.4138  1026.6068      5.796    37.9602      5.750          3 0.0000e+00
 251.363615    21.5873    37.9593   5.324703     0.0514     0.4121  1026.6104      6.047    37.9604      6.000          2 0.0000e+00
 251.363621    21.5859    37.9605   5.324614     0.0531     0.4115  1026.6129      6.299    37.9609      6.250          2 0.0000e+00
 251.363626    21.5841    37.9601   5.324451     0.0579     0.4116  1026.6143      6.551    37.9610      6.500          2 0.0000e+00
 251.363631    21.5815    37.9593   5.324202     0.0619     0.4120  1026.6154      6.804    37.9613      6.750          1 0.0000e+00
 251.363636    21.5770    37.9573   5.323675     0.0658     0.4133  1026.6159      7.056    37.9608      7.000          2 0.0000e+00
 251.363642    21.5709    37.9556   5.322901     0.0692     0.4145  1026.6171      7.308    37.9600      7.250          2 0.0000e+00
 251.363649    21.5653    37.9571   5.322321     0.0700     0.4142  1026.6210      7.560    37.9602      7.500          3 0.0000e+00
 251.363655    21.5612    37.9583   5.321883     0.0692     0.4144  1026.6243      7.811    37.9602      7.750          2 0.0000e+00
 251.363661    21.5575    37.9591   5.321589     0.0667     0.4153  1026.6272      8.063    37.9610      8.000          2 0.0000e+00
 251.363667    21.5484    37.9552   5.320707     0.0659     0.4160  1026.6262      8.315    37.9619      8.250          2 0.0000e+00
 251.363673    21.5255    37.9431   5.318181     0.0676     0.4167  1026.6206      8.567    37.9617      8.500          2 0.0000e+00
 251.363678    21.4828    37.9223   5.313024     0.0702     0.4180  1026.6120      8.819    37.9579      8.750          2 0.0000e+00
 251.363683    21.4292    37.9041   5.306326     0.0730     0.4207  1026.6102      9.071    37.9513      9.000          1 0.0000e+00
 251.363689    21.3780    37.9056   5.300372     0.0763     0.4245  1026.6277      9.323    37.9486      9.250          2 0.0000e+00
 251.363694    21.3432    37.9229   5.296695     0.0785     0.4256  1026.6567      9.576    37.9496      9.500          2 0.0000e+00
 251.363700    21.3270    37.9475   5.295621     0.0815     0.4249  1026.6871      9.828    37.9553      9.750          2 0.0000e+00
 251.363706    21.3202    37.9591   5.295364     0.0814     0.4240  1026.7014     10.079    37.9591     10.000          3 0.0000e+00
 251.363713    21.3135    37.9613   5.294741     0.0782     0.4225  1026.7064     10.331    37.9599     10.250          2 0.0000e+00
 251.363720    21.3043    37.9594   5.293800     0.0750     0.4202  1026.7078     10.584    37.9604     10.500          2 0.0000e+00
 251.363726    21.2901    37.9534   5.292116     0.0733     0.4190  1026.7067     10.836    37.9593     10.750          2 0.0000e+00
 251.363732    21.2756    37.9504   5.290285     0.0749     0.4213  1026.7092     11.088    37.9573     11.000          2 0.0000e+00
 251.363737    21.2647    37.9544   5.289307     0.0777     0.4237  1026.7171     11.339    37.9589     11.250          2 0.0000e+00
 251.363741    21.2496    37.9531   5.288010     0.0795     0.4246  1026.7203     11.591    37.9618     11.500          1 0.0000e+00
 251.363746    21.2202    37.9380   5.284612     0.0802     0.4242  1026.7137     11.843    37.9603     11.750          2 0.0000e+00
 251.363752    21.1802    37.9228   5.279482     0.0810     0.4241  1026.7114     12.096    37.9542     12.000          2 0.0000e+00
 251.363757    21.1425    37.9266   5.275091     0.0849     0.4251  1026.7275     12.347    37.9520     12.250          2 0.0000e+00
 251.363764    21.1124    37.9422   5.272141     0.0895     0.4258  1026.7526     12.599    37.9548     12.500          2 0.0000e+00
 251.363770    21.0910    37.9500   5.270079     0.0877     0.4238  1026.7670     12.851    37.9571     12.750          3 0.0000e+00
 251.363777    21.0737    37.9510   5.268173     0.0857     0.4238  1026.7739     13.103    37.9569     13.000          2 0.0000e+00
 251.363782    21.0589    37.9522   5.266558     0.0843     0.4256  1026.7805     13.355    37.9568     13.250          1 0.0000e+00
 251.363788    21.0463    37.9536   5.265213     0.0843     0.4273  1026.7867     13.607    37.9571     13.500          2 0.0000e+00
 251.363792    21.0375    37.9566   5.264231     0.0851     0.4276  1026.7936     13.859    37.9568     13.750          2 0.0000e+00
 251.363798    21.0344    37.9628   5.264048     0.0858     0.4276  1026.8020     14.112    37.9580     14.000          2 0.0000e+00
 251.363803    21.0342    37.9670   5.264234     0.0873     0.4277  1026.8073     14.363    37.9596     14.250          2 0.0000e+00
 251.363808    21.0321    37.9664   5.264160     0.0897     0.4277  1026.8081     14.615    37.9607     14.500          1 0.0000e+00
 251.363814    21.0239    37.9594   5.263173     0.0897     0.4279  1026.8045     14.867    37.9600     14.750          2 0.0000e+00
 251.363819    21.0091    37.9517   5.261309     0.0853     0.4285  1026.8022     15.119    37.9579     15.000          2 0.0000e+00
 251.363825    20.9921    37.9523   5.259431     0.0845     0.4275  1026.8084     15.371    37.9577     15.250          3 0.0000e+00
 251.363833    20.9702    37.9499   5.257186     0.0917     0.4240  1026.8122     15.623    37.9589     15.500          2 0.0000e+00
 251.363840    20.9370    37.9386   5.253420     0.0926     0.4228  1026.8105     15.875    37.9577     15.750          2 0.0000e+00
 251.363845    20.8882    37.9210   5.247816     0.0888     0.4240  1026.8065     16.127    37.9556     16.000          2 0.0000e+00
 251.363850    20.8292    37.9033   5.240785     0.0889     0.4259  1026.8060     16.379    37.9508     16.250          2 0.0000e+00
 251.363855    20.7721    37.8961   5.234175     0.0911     0.4284  1026.8159     16.631    37.9478     16.500          1 0.0000e+00
 251.363859    20.7170    37.8981   5.228351     0.0932     0.4302  1026.8336     16.883    37.9494     16.750          2 0.0000e+00
 251.363864    20.6551    37.8961   5.221645     0.0952     0.4316  1026.8492     17.135    37.9498     17.000          2 0.0000e+00
 251.363869    20.5847    37.8935   5.213767     0.0971     0.4330  1026.8669     17.387    37.9483     17.250          2 0.0000e+00
 251.363875    20.5116    37.9008   5.205607     0.0982     0.4350  1026.8957     17.639    37.9468     17.500          2 0.0000e+00
 251.363882    20.4493    37.9243   5.199220     0.0995     0.4388  1026.9373     17.891    37.9502     17.750          2 0.0000e+00
 251.363889    20.4067    37.9410   5.194979     0.1008     0.4383  1026.9667     18.143    37.9535     18.000          3 0.0000e+00
 251.363896    20.3760    37.9460   5.191651     0.1022     0.4373  1026.9813     18.395    37.9535     18.250          2 0.0000e+00
 251.363900    20.3529    37.9499   5.189166     0.1040     0.4411  1026.9929     18.647    37.9538     18.500          1 0.0000e+00
 251.363905    20.3360    37.9523   5.187330     0.1056     0.4481  1027.0015     18.899    37.9537     18.750          2 0.0000e+00
 251.363910    20.3217    37.9547   5.185833     0.1064     0.4531  1027.0092     19.151    37.9542     19.000          2 0.0000e+00
 251.363915    20.3079    37.9568   5.184407     0.1070     0.4583  1027.0164     19.403    37.9547     19.250          1 0.0000e+00
 251.363921    20.2952    37.9597   5.183131     0.1074     0.4628  1027.0240     19.655    37.9556     19.500          3 0.0000e+00
 251.363927    20.2830    37.9619   5.181961     0.1083     0.4671  1027.0304     19.907    37.9569     19.750          2 0.0000e+00
 251.363933    20.2677    37.9590   5.180320     0.1109     0.4738  1027.0324     20.159    37.9570     20.000          2 0.0000e+00
 251.363939    20.2505    37.9546   5.178245     0.1155     0.4842  1027.0342     20.411    37.9552     20.250          2 0.0000e+00
 251.363945    20.2364    37.9569   5.176733     0.1184     0.4881  1027.0415     20.663    37.9554     20.500          2 0.0000e+00
 251.363952    20.2263    37.9613   5.175800     0.1196     0.4840  1027.0498     20.916    37.9567     20.750          2 0.0000e+00
 251.363957    20.2189    37.9633   5.175055     0.1193     0.4798  1027.0551     21.168    37.9571     21.000          2 0.0000e+00
 251.363962    20.2135    37.9639   5.174450     0.1196     0.4830  1027.0586     21.419    37.9569     21.250          2 0.0000e+00
 251.363968    20.2098    37.9654   5.174114     0.1205     0.4901  1027.0625     21.671    37.9574     21.500          2 0.0000e+00
 251.363974    20.2073    37.9670   5.173955     0.1230     0.5010  1027.0659     21.923    37.9582     21.750          2 0.0000e+00
 251.363979    20.2057    37.9677   5.173853     0.1272     0.5098  1027.0682     22.175    37.9587     22.000          2 0.0000e+00
 251.363985    20.2047    37.9680   5.173802     0.1323     0.5048  1027.0699     22.427    37.9590     22.250          2 0.0000e+00
 251.363992    20.2041    37.9681   5.173785     0.1373     0.4955  1027.0713     22.680    37.9593     22.500          2 0.0000e+00
 251.363998    20.2035    37.9679   5.173781     0.1390     0.4928  1027.0723     22.931    37.9598     22.750          2 0.0000e+00
 251.364005    20.2025    37.9672   5.173703     0.1390     0.4941  1027.0729     23.183    37.9600     23.000          2 0.0000e+00
 251.364010    20.2005    37.9657   5.173475     0.1370     0.4982  1027.0731     23.435    37.9598     23.250          2 0.0000e+00
 251.364015    20.1974    37.9638   5.173103     0.1333     0.5040  1027.0735     23.688    37.9594     23.500          2 0.0000e+00
 251.364020    20.1942    37.9634   5.172775     0.1336     0.5046  1027.0754     23.939    37.9595     23.750          2 0.0000e+00
 251.364026    20.1917    37.9648   5.172599     0.1377     0.4994  1027.0784     24.191    37.9602     24.000          2 0.0000e+00
 251.364033    20.1895    37.9653   5.172435     0.1399     0.4937  1027.0804     24.443    37.9607     24.250          3 0.0000e+00
 251.364039    20.1863    37.9641   5.172106     0.1391     0.4903  1027.0810     24.695    37.9608     24.500          2 0.0000e+00
 251.364045    20.1817    37.9620   5.171568     0.1357     0.4925  1027.0813     24.947    37.9604     24.750          2 0.0000e+00
 251.364051    20.1764    37.9602   5.170928     0.1315     0.4972  1027.0823     25.199    37.9598     25.000          1 0.0000e+00
 251.364057    20.1717    37.9607   5.170429     0.1331     0.4998  1027.0854     25.451    37.9598     25.250          2 0.0000e+00
 251.364062    20.1681    37.9624   5.170122     0.1388     0.5006  1027.0891     25.703    37.9605     25.500          3 0.0000e+00
 251.364069    20.1648    37.9631   5.169822     0.1412     0.4985  1027.0916     25.955    37.9608     25.750          2 0.0000e+00
 251.364075    20.1594    37.9605   5.169180     0.1440     0.4940  1027.0915     26.207    37.9603     26.000          2 0.0000e+00
 251.364081    20.1502    37.9544   5.167897     0.1450     0.4954  1027.0893     26.459    37.9579     26.250          2 0.0000e+00
 251.364086    20.1395    37.9522   5.166708     0.1432     0.5022  1027.0913     26.711    37.9576     26.500          2 0.0000e+00
 251.364092    20.1283    37.9537   5.165671     0.1412     0.5049  1027.0966     26.963    37.9591     26.750          2 0.0000e+00
 251.364098    20.1129    37.9525   5.164172     0.1387     0.5003  1027.1000     27.215    37.9604     27.000          2 0.0000e+00
 251.364105    20.0865    37.9419   5.161101     0.1382     0.4954  1027.0972     27.468    37.9588     27.250          2 0.0000e+00
 251.364111    20.0516    37.9311   5.156950     0.1394     0.4925  1027.0969     27.720    37.9557     27.500          2 0.0000e+00
 251.364116    20.0177    37.9288   5.152992     0.1392     0.4941  1027.1052     27.971    37.9535     27.750          2 0.0000e+00
 251.364121    19.9888    37.9357   5.150024     0.1379     0.4993  1027.1208     28.223    37.9549     28.000          2 0.0000e+00
 251.364127    19.9584    37.9384   5.147017     0.1380     0.5022  1027.1322     28.475    37.9574     28.250          2 0.0000e+00
 251.364134    19.9064    37.9224   5.141558     0.1412     0.5016  1027.1293     28.728    37.9590     28.500          2 0.0000e+00
 251.364140    19.8004    37.8700   5.129205     0.1444     0.4988  1027.1044     28.980    37.9521     28.750          2 0.0000e+00
 251.364146    19.6382    37.8091   5.109867     0.1419     0.4936  1027.0872     29.232    37.9379     29.000          2 0.0000e+00
 251.364151    19.4239    37.7589   5.085768     0.1382     0.4849  1027.0925     29.484    37.9309     29.250          2 0.0000e+00
 251.364157    19.1720    37.7125   5.055619     0.1376     0.4682  1027.1162     29.736    37.9069     29.500          2 0.0000e+00
 251.364164    18.9619    37.7679   5.033386     0.1360     0.4516  1027.2282     29.987    37.9112     29.750          2 0.0000e+00
 251.364170    18.8322    37.8450   5.021497     0.1289     0.4437  1027.3385     30.239    37.9291     30.000          3 0.0000e+00
 251.364175    18.7359    37.8934   5.012499     0.1242     0.4375  1027.4118     30.491    37.9411     30.250          1 0.0000e+00
 251.364181    18.6615    37.9179   5.005488     0.1246     0.4325  1027.4553     30.743    37.9498     30.500          2 0.0000e+00
 251.364187    18.5884    37.9227   4.997946     0.1278     0.4290  1027.4796     30.996    37.9527     30.750          2 0.0000e+00
