04_archives/Ressources/CTD/RAW_DATA/20240608c.cnv
* Sea-Bird SBE19plus Data File:
* FileName = C:\Users\Paul\Desktop\Instrumentation\sbe19plus\somlit\Data\Latest\20240608015.hex
* Software Version 1.59
* Temperature SN =  8056
* Conductivity SN =  8056
* System UpLoad Time = Sep 08 2025 14:36:58
* ds
* SBE 19plus V 3.1.8  SERIAL NO. 8056    08 Sep 2025 14:33:31
# nquan = 12
# nvalues = 233                         
# units = specified
# name 0 = timeJ: Julian Days
# name 1 = tv290C: Temperature [ITS-90, deg C]
# name 2 = sal00: Salinity, Practical [PSU]
# name 3 = c0S/m: Conductivity [S/m]
# name 4 = flECO-AFL: Fluorescence, WET Labs ECO-AFL/FL [mg/m^3]
# name 5 = turbWETntu0: Turbidity, WET Labs ECO [NTU]
# name 6 = density00: Density [density, kg/m^3]
# name 7 = prdM: Pressure, Strain Gauge [db]
# name 8 = sal00: Salinity, Practical [PSU]
# name 9 = depSM: Depth [salt water, m], lat = 42
# name 10 = nbin: number of scans per bin
# name 11 = flag: flag
# span 0 = 251.514971, 251.516340       
# span 1 =    16.6580,    21.6732       
# span 2 =    37.8823,    38.0569       
# span 3 =   4.803573,   5.332940       
# span 4 =     0.1018,     0.7064       
# span 5 =     0.4129,     1.0272       
# span 6 =  1026.5565,  1028.2070       
# span 7 =      1.008,     59.475       
# span 8 =    37.9377,    38.0558       
# span 9 =      1.000,     59.000       
# span 10 =          1,          3      
# span 11 = 0.0000e+00, 0.0000e+00      
# interval = meters: 0.25               
# start_time = Sep 08 2025 12:20:17 [Instrument's time stamp, header]
# bad_flag = -9.990e-29
*END*
 251.514971    21.5565    37.9567   5.319602     0.1115     0.4129  1026.5980      1.008    37.9486      1.000          1 0.0000e+00
 251.514980    21.6060    37.9668   5.324060     0.1039     0.4153  1026.5992      1.260    37.9405      1.250          3 0.0000e+00
 251.514987    21.6464    37.9741   5.329222     0.1031     0.4158  1026.5955      1.511    37.9461      1.500          2 0.0000e+00
 251.514992    21.6685    37.9677   5.332347     0.1078     0.4151  1026.5821      1.763    37.9517      1.750          2 0.0000e+00
 251.514998    21.6732    37.9541   5.332940     0.1116     0.4146  1026.5671      2.015    37.9522      2.000          2 0.0000e+00
 251.515004    21.6663    37.9436   5.332159     0.1144     0.4144  1026.5588      2.267    37.9519      2.250          2 0.0000e+00
 251.515010    21.6507    37.9365   5.330490     0.1142     0.4158  1026.5565      2.520    37.9522      2.500          2 0.0000e+00
 251.515015    21.6255    37.9301   5.327779     0.1106     0.4194  1026.5573      2.771    37.9526      2.750          2 0.0000e+00
 251.515022    21.5864    37.9202   5.323449     0.1082     0.4225  1026.5582      3.024    37.9522      3.000          2 0.0000e+00
 251.515028    21.5320    37.9036   5.316856     0.1086     0.4253  1026.5577      3.276    37.9472      3.250          2 0.0000e+00
 251.515034    21.4820    37.9015   5.310825     0.1102     0.4272  1026.5713      3.528    37.9429      3.500          2 0.0000e+00
 251.515039    21.4446    37.9132   5.307203     0.1105     0.4279  1026.5942      3.779    37.9467      3.750          2 0.0000e+00
 251.515044    21.4067    37.9140   5.303165     0.1094     0.4290  1026.6062      4.032    37.9477      4.000          2 0.0000e+00
 251.515049    21.3668    37.9097   5.298413     0.1069     0.4310  1026.6148      4.284    37.9446      4.250          1 0.0000e+00
 251.515054    21.3307    37.9158   5.294332     0.1028     0.4341  1026.6327      4.536    37.9436      4.500          2 0.0000e+00
 251.515060    21.3032    37.9311   5.291726     0.1018     0.4356  1026.6567      4.788    37.9467      4.750          2 0.0000e+00
 251.515067    21.2868    37.9424   5.290208     0.1041     0.4350  1026.6738      5.040    37.9490      5.000          3 0.0000e+00
 251.515072    21.2765    37.9494   5.289324     0.1048     0.4341  1026.6846      5.291    37.9509      5.250          2 0.0000e+00
 251.515078    21.2673    37.9509   5.288405     0.1052     0.4339  1026.6896      5.543    37.9515      5.500          2 0.0000e+00
 251.515084    21.2571    37.9486   5.287247     0.1058     0.4351  1026.6913      5.796    37.9511      5.750          1 0.0000e+00
 251.515089    21.2453    37.9460   5.285885     0.1063     0.4385  1026.6932      6.048    37.9505      6.000          2 0.0000e+00
 251.515094    21.2297    37.9419   5.284076     0.1072     0.4407  1026.6944      6.300    37.9496      6.250          2 0.0000e+00
 251.515099    21.2134    37.9394   5.282072     0.1096     0.4395  1026.6981      6.551    37.9477      6.500          2 0.0000e+00
 251.515105    21.2017    37.9445   5.280881     0.1122     0.4380  1026.7077      6.803    37.9484      6.750          2 0.0000e+00
 251.515111    21.1946    37.9513   5.280359     0.1149     0.4389  1026.7175      7.055    37.9504      7.000          2 0.0000e+00
 251.515117    21.1897    37.9548   5.279989     0.1161     0.4409  1026.7233      7.307    37.9516      7.250          2 0.0000e+00
 251.515124    21.1854    37.9556   5.279614     0.1139     0.4416  1026.7262      7.560    37.9523      7.500          2 0.0000e+00
 251.515130    21.1812    37.9550   5.279151     0.1114     0.4426  1026.7277      7.812    37.9522      7.750          2 0.0000e+00
 251.515135    21.1760    37.9540   5.278652     0.1090     0.4463  1026.7292      8.064    37.9528      8.000          2 0.0000e+00
 251.515141    21.1687    37.9506   5.277739     0.1072     0.4489  1026.7292      8.316    37.9517      8.250          2 0.0000e+00
 251.515146    21.1617    37.9495   5.276882     0.1076     0.4485  1026.7315      8.567    37.9509      8.500          2 0.0000e+00
 251.515150    21.1559    37.9508   5.276281     0.1088     0.4464  1026.7357      8.819    37.9511      8.750          1 0.0000e+00
 251.515156    21.1510    37.9526   5.275841     0.1101     0.4446  1026.7401      9.071    37.9518      9.000          2 0.0000e+00
 251.515162    21.1454    37.9527   5.275288     0.1105     0.4453  1026.7427      9.323    37.9522      9.250          3 0.0000e+00
 251.515169    21.1354    37.9493   5.274166     0.1100     0.4455  1026.7428      9.575    37.9519      9.500          2 0.0000e+00
 251.515176    21.1195    37.9435   5.272234     0.1074     0.4446  1026.7422      9.827    37.9503      9.750          2 0.0000e+00
 251.515182    21.1024    37.9412   5.270195     0.1045     0.4461  1026.7460     10.079    37.9489     10.000          3 0.0000e+00
 251.515188    21.0900    37.9435   5.268842     0.1034     0.4488  1026.7529     10.331    37.9488     10.250          2 0.0000e+00
 251.515194    21.0816    37.9477   5.268041     0.1046     0.4515  1026.7606     10.583    37.9497     10.500          1 0.0000e+00
 251.515199    21.0748    37.9500   5.267515     0.1075     0.4542  1026.7657     10.836    37.9513     10.750          2 0.0000e+00
 251.515203    21.0642    37.9462   5.266350     0.1084     0.4563  1026.7661     11.087    37.9513     11.000          2 0.0000e+00
 251.515208    21.0478    37.9404   5.264433     0.1082     0.4588  1026.7658     11.339    37.9502     11.250          2 0.0000e+00
 251.515215    21.0260    37.9348   5.261691     0.1071     0.4606  1026.7676     11.591    37.9473     11.500          2 0.0000e+00
 251.515222    21.0064    37.9404   5.259614     0.1079     0.4586  1026.7798     11.844    37.9477     11.750          2 0.0000e+00
 251.515229    20.9952    37.9476   5.258543     0.1107     0.4550  1026.7911     12.095    37.9490     12.000          3 0.0000e+00
 251.515235    20.9888    37.9524   5.258123     0.1115     0.4530  1026.7984     12.347    37.9512     12.250          2 0.0000e+00
 251.515241    20.9738    37.9455   5.256685     0.1117     0.4559  1026.7956     12.599    37.9527     12.500          2 0.0000e+00
 251.515247    20.9439    37.9277   5.253016     0.1116     0.4623  1026.7869     12.851    37.9495     12.750          2 0.0000e+00
 251.515252    20.9058    37.9122   5.248389     0.1119     0.4675  1026.7831     13.103    37.9457     13.000          1 0.0000e+00
 251.515257    20.8604    37.9061   5.243264     0.1127     0.4715  1026.7903     13.356    37.9443     13.250          2 0.0000e+00
 251.515261    20.8077    37.9050   5.237558     0.1134     0.4736  1026.8044     13.607    37.9447     13.500          2 0.0000e+00
 251.515268    20.7491    37.9054   5.231083     0.1153     0.4731  1026.8217     13.860    37.9442     13.750          2 0.0000e+00
 251.515274    20.6895    37.9084   5.224692     0.1172     0.4716  1026.8415     14.111    37.9451     14.000          2 0.0000e+00
 251.515280    20.6253    37.9028   5.217679     0.1176     0.4705  1026.8538     14.363    37.9451     14.250          2 0.0000e+00
 251.515286    20.5528    37.8900   5.209359     0.1182     0.4703  1026.8617     14.615    37.9418     14.500          2 0.0000e+00
 251.515291    20.4746    37.8825   5.200518     0.1208     0.4762  1026.8764     14.867    37.9393     14.750          2 0.0000e+00
 251.515297    20.3961    37.8823   5.191776     0.1253     0.4877  1026.8987     15.120    37.9377     15.000          2 0.0000e+00
 251.515302    20.3262    37.8931   5.184364     0.1314     0.4945  1026.9295     15.371    37.9395     15.250          2 0.0000e+00
 251.515308    20.2660    37.9096   5.178433     0.1389     0.4983  1026.9628     15.623    37.9447     15.500          2 0.0000e+00
 251.515314    20.2126    37.9224   5.172990     0.1410     0.5038  1026.9909     15.876    37.9477     15.750          2 0.0000e+00
 251.515320    20.1647    37.9324   5.168091     0.1366     0.5110  1027.0146     16.127    37.9503     16.000          2 0.0000e+00
 251.515327    20.1233    37.9365   5.163575     0.1339     0.5051  1027.0311     16.379    37.9503     16.250          2 0.0000e+00
 251.515332    20.0896    37.9388   5.159884     0.1330     0.4880  1027.0439     16.631    37.9500     16.500          2 0.0000e+00
 251.515338    20.0607    37.9400   5.156641     0.1316     0.4814  1027.0545     16.884    37.9491     16.750          2 0.0000e+00
 251.515342    20.0368    37.9455   5.154163     0.1286     0.4801  1027.0678     17.135    37.9501     17.000          2 0.0000e+00
 251.515348    20.0175    37.9535   5.152358     0.1261     0.4786  1027.0822     17.387    37.9525     17.250          2 0.0000e+00
 251.515354    20.0018    37.9606   5.150944     0.1233     0.4748  1027.0945     17.639    37.9549     17.500          2 0.0000e+00
 251.515361    19.9896    37.9652   5.149795     0.1210     0.4703  1027.1033     17.891    37.9562     17.750          2 0.0000e+00
 251.515367    19.9806    37.9673   5.148896     0.1227     0.4698  1027.1090     18.143    37.9568     18.000          2 0.0000e+00
 251.515373    19.9734    37.9677   5.148206     0.1234     0.4672  1027.1125     18.395    37.9576     18.250          3 0.0000e+00
 251.515379    19.9658    37.9664   5.147402     0.1220     0.4600  1027.1146     18.647    37.9576     18.500          1 0.0000e+00
 251.515385    19.9585    37.9653   5.146599     0.1211     0.4551  1027.1167     18.899    37.9575     18.750          2 0.0000e+00
 251.515390    19.9507    37.9642   5.145781     0.1228     0.4563  1027.1190     19.151    37.9577     19.000          2 0.0000e+00
 251.515395    19.9429    37.9634   5.144936     0.1249     0.4581  1027.1217     19.403    37.9576     19.250          2 0.0000e+00
 251.515400    19.9353    37.9647   5.144255     0.1256     0.4567  1027.1261     19.655    37.9586     19.500          2 0.0000e+00
 251.515407    19.9274    37.9657   5.143508     0.1254     0.4517  1027.1302     19.908    37.9596     19.750          2 0.0000e+00
 251.515414    19.9192    37.9659   5.142705     0.1240     0.4493  1027.1334     20.159    37.9602     20.000          2 0.0000e+00
 251.515420    19.9066    37.9603   5.141291     0.1220     0.4493  1027.1321     20.411    37.9598     20.250          2 0.0000e+00
 251.515424    19.8879    37.9515   5.139018     0.1230     0.4478  1027.1297     20.663    37.9577     20.500          2 0.0000e+00
 251.515430    19.8651    37.9462   5.136363     0.1266     0.4452  1027.1319     20.915    37.9562     20.750          2 0.0000e+00
 251.515436    19.8423    37.9479   5.133881     0.1327     0.4447  1027.1408     21.167    37.9561     21.000          2 0.0000e+00
 251.515443    19.8233    37.9541   5.132060     0.1420     0.4469  1027.1528     21.419    37.9581     21.250          2 0.0000e+00
 251.515448    19.8047    37.9530   5.130149     0.1421     0.4491  1027.1574     21.671    37.9589     21.500          2 0.0000e+00
 251.515453    19.7811    37.9451   5.127398     0.1378     0.4515  1027.1570     21.923    37.9573     21.750          2 0.0000e+00
 251.515458    19.7540    37.9393   5.124265     0.1352     0.4540  1027.1599     22.175    37.9556     22.000          2 0.0000e+00
 251.515463    19.7252    37.9371   5.121022     0.1332     0.4578  1027.1666     22.427    37.9547     22.250          1 0.0000e+00
 251.515469    19.6974    37.9409   5.117975     0.1324     0.4621  1027.1790     22.679    37.9544     22.500          2 0.0000e+00
 251.515475    19.6770    37.9503   5.116046     0.1303     0.4546  1027.1949     22.931    37.9566     22.750          3 0.0000e+00
 251.515481    19.6601    37.9558   5.114413     0.1278     0.4434  1027.2058     23.183    37.9583     23.000          2 0.0000e+00
 251.515487    19.6440    37.9584   5.112813     0.1270     0.4379  1027.2136     23.435    37.9595     23.250          2 0.0000e+00
 251.515494    19.6269    37.9582   5.111060     0.1289     0.4373  1027.2186     23.687    37.9603     23.500          2 0.0000e+00
 251.515500    19.6082    37.9535   5.108869     0.1333     0.4398  1027.2200     23.939    37.9588     23.750          2 0.0000e+00
 251.515504    19.5903    37.9508   5.106831     0.1375     0.4432  1027.2235     24.191    37.9579     24.000          2 0.0000e+00
 251.515509    19.5716    37.9496   5.104910     0.1398     0.4472  1027.2284     24.443    37.9589     24.250          1 0.0000e+00
 251.515514    19.5484    37.9450   5.102263     0.1411     0.4521  1027.2311     24.695    37.9577     24.500          2 0.0000e+00
 251.515520    19.5227    37.9452   5.099444     0.1418     0.4547  1027.2392     24.947    37.9573     24.750          2 0.0000e+00
 251.515527    19.4993    37.9505   5.097053     0.1433     0.4557  1027.2516     25.199    37.9585     25.000          3 0.0000e+00
 251.515533    19.4813    37.9560   5.095241     0.1434     0.4574  1027.2629     25.451    37.9596     25.250          2 0.0000e+00
 251.515539    19.4684    37.9617   5.094043     0.1406     0.4606  1027.2730     25.703    37.9613     25.500          2 0.0000e+00
 251.515545    19.4594    37.9653   5.093230     0.1388     0.4632  1027.2799     25.955    37.9626     25.750          2 0.0000e+00
 251.515550    19.4504    37.9653   5.092367     0.1399     0.4647  1027.2833     26.207    37.9634     26.000          1 0.0000e+00
 251.515555    19.4367    37.9595   5.090864     0.1417     0.4645  1027.2822     26.459    37.9632     26.250          2 0.0000e+00
 251.515560    19.4165    37.9503   5.088334     0.1440     0.4627  1027.2799     26.712    37.9603     26.500          2 0.0000e+00
 251.515565    19.3944    37.9490   5.085845     0.1460     0.4608  1027.2859     26.963    37.9594     26.750          2 0.0000e+00
 251.515573    19.3751    37.9581   5.084041     0.1455     0.4591  1027.3008     27.215    37.9618     27.000          3 0.0000e+00
 251.515581    19.3626    37.9685   5.083098     0.1452     0.4577  1027.3148     27.467    37.9652     27.250          2 0.0000e+00
 251.515587    19.3531    37.9680   5.082112     0.1522     0.4577  1027.3175     27.719    37.9655     27.500          2 0.0000e+00
 251.515593    19.3439    37.9648   5.081020     0.1587     0.4602  1027.3182     27.971    37.9645     27.750          2 0.0000e+00
 251.515597    19.3351    37.9640   5.080098     0.1601     0.4664  1027.3211     28.223    37.9647     28.000          2 0.0000e+00
 251.515602    19.3249    37.9627   5.079080     0.1613     0.4722  1027.3238     28.475    37.9654     28.250          1 0.0000e+00
 251.515607    19.3111    37.9597   5.077571     0.1622     0.4747  1027.3256     28.728    37.9652     28.500          2 0.0000e+00
 251.515613    19.2970    37.9627   5.076062     0.1635     0.4745  1027.3335     28.979    37.9653     28.750          3 0.0000e+00
 251.515621    19.2864    37.9710   5.075367     0.1653     0.4743  1027.3447     29.232    37.9690     29.000          2 0.0000e+00
 251.515628    19.2666    37.9609   5.073216     0.1670     0.4741  1027.3403     29.483    37.9689     29.250          2 0.0000e+00
 251.515634    19.2353    37.9472   5.069235     0.1640     0.4704  1027.3365     29.735    37.9639     29.500          3 0.0000e+00
 251.515639    19.2115    37.9539   5.066882     0.1614     0.4651  1027.3505     29.987    37.9658     29.750          2 0.0000e+00
 251.515645    19.1905    37.9609   5.065040     0.1629     0.4595  1027.3633     30.239    37.9694     30.000          2 0.0000e+00
 251.515652    19.1662    37.9578   5.062430     0.1652     0.4543  1027.3673     30.491    37.9695     30.250          2 0.0000e+00
 251.515658    19.1440    37.9584   5.059988     0.1626     0.4510  1027.3748     30.743    37.9690     30.500          2 0.0000e+00
 251.515663    19.1294    37.9661   5.058657     0.1592     0.4486  1027.3874     30.995    37.9711     30.750          2 0.0000e+00
