04_archives/Ressources/CTD/RAW_DATA/20240608a.cnv
* Sea-Bird SBE19plus Data File:
* FileName = C:\Users\Paul\Desktop\Instrumentation\sbe19plus\somlit\Data\Latest\20240608013.hex
* Software Version 1.59
* Temperature SN =  8056
* Conductivity SN =  8056
* System UpLoad Time = Sep 08 2025 14:34:52
* ds
* SBE 19plus V 3.1.8  SERIAL NO. 8056    08 Sep 2025 14:33:31
# nquan = 12
# nvalues = 326                         
# units = specified
# name 0 = timeJ: Julian Days
# name 1 = tv290C: Temperature [ITS-90, deg C]
# name 2 = sal00: Salinity, Practical [PSU]
# name 3 = c0S/m: Conductivity [S/m]
# name 4 = flECO-AFL: Fluorescence, WET Labs ECO-AFL/FL [mg/m^3]
# name 5 = turbWETntu0: Turbidity, WET Labs ECO [NTU]
# name 6 = density00: Density [density, kg/m^3]
# name 7 = prdM: Pressure, Strain Gauge [db]
# name 8 = sal00: Salinity, Practical [PSU]
# name 9 = depSM: Depth [salt water, m], lat = 42
# name 10 = nbin: number of scans per bin
# name 11 = flag: flag
# span 0 = 251.363492, 251.365425       
# span 1 =    15.1362,    21.6212       
# span 2 =    37.7125,    38.1397       
# span 3 =   4.651802,   5.328240       
# span 4 =     0.0345,     0.6659       
# span 5 =     0.3134,     1.2388       
# span 6 =  1026.5798,  1028.7297       
# span 7 =      1.009,     82.917       
# span 8 =    37.9069,    38.1389       
# span 9 =      1.000,     82.250       
# span 10 =          1,          3      
# span 11 = 0.0000e+00, 0.0000e+00      
# interval = meters: 0.25               
# start_time = Sep 08 2025 08:41:39 [Instrument's time stamp, header]
# bad_flag = -9.990e-29
*END*
[from data line 241]
 251.364912    15.7800    38.0839   4.713112     0.6536     0.9625  1028.4449     61.744    38.0835     61.250          2 0.0000e+00
 251.364917    15.7776    38.0830   4.712869     0.6514     0.9910  1028.4459     61.995    38.0835     61.500          2 0.0000e+00
 251.364923    15.7750    38.0828   4.712624     0.6506     1.0363  1028.4476     62.247    38.0837     61.750          2 0.0000e+00
 251.364929    15.7725    38.0836   4.712420     0.6504     1.0761  1028.4500     62.499    38.0841     62.000          2 0.0000e+00
 251.364935    15.7712    38.0855   4.712332     0.6513     1.1087  1028.4530     62.752    38.0844     62.250          2 0.0000e+00
 251.364943    15.7706    38.0863   4.712359     0.6557     1.0961  1028.4547     63.004    38.0852     62.500          3 0.0000e+00
 251.364949    15.7663    38.0824   4.711851     0.6608     1.0724  1028.4529     63.255    38.0846     62.750          2 0.0000e+00
 251.364955    15.7608    38.0806   4.711240     0.6619     1.0883  1028.4536     63.508    38.0842     63.000          2 0.0000e+00
 251.364959    15.7561    38.0811   4.710781     0.6605     1.1306  1028.4565     63.760    38.0845     63.250          1 0.0000e+00
 251.364964    15.7515    38.0823   4.710399     0.6559     1.1687  1028.4597     64.012    38.0853     63.500          2 0.0000e+00
 251.364970    15.7458    38.0820   4.709872     0.6452     1.1894  1028.4619     64.264    38.0860     63.750          2 0.0000e+00
 251.364976    15.7387    38.0816   4.709182     0.6315     1.1970  1028.4641     64.517    38.0865     64.000          2 0.0000e+00
 251.364982    15.7310    38.0828   4.708472     0.6143     1.1797  1028.4679     64.768    38.0873     64.250          2 0.0000e+00
 251.364989    15.7222    38.0843   4.707709     0.5927     1.1595  1028.4720     65.020    38.0888     64.500          3 0.0000e+00
 251.364996    15.7078    38.0804   4.706250     0.5712     1.1578  1028.4721     65.272    38.0895     64.750          2 0.0000e+00
 251.365003    15.6902    38.0777   4.704321     0.5526     1.1407  1028.4746     65.524    38.0888     65.000          3 0.0000e+00
 251.365009    15.6781    38.0819   4.703135     0.5382     1.1203  1028.4824     65.776    38.0895     65.250          2 0.0000e+00
 251.365014    15.6708    38.0877   4.702529     0.5355     1.1140  1028.4909     66.028    38.0911     65.500          1 0.0000e+00
 251.365019    15.6660    38.0905   4.702172     0.5457     1.1218  1028.4958     66.280    38.0923     65.750          2 0.0000e+00
 251.365025    15.6608    38.0901   4.701656     0.5499     1.1339  1028.4978     66.533    38.0925     66.000          2 0.0000e+00
 251.365030    15.6549    38.0904   4.701127     0.5355     1.1507  1028.5007     66.784    38.0933     66.250          2 0.0000e+00
 251.365036    15.6477    38.0903   4.700403     0.5150     1.1621  1028.5032     67.036    38.0935     66.500          2 0.0000e+00
 251.365043    15.6416    38.0934   4.699866     0.5039     1.1410  1028.5085     67.289    38.0945     66.750          3 0.0000e+00
 251.365051    15.6367    38.0951   4.699445     0.5014     1.1169  1028.5120     67.541    38.0953     67.000          3 0.0000e+00
 251.365059    15.6318    38.0951   4.698954     0.5022     1.1104  1028.5140     67.792    38.0954     67.250          2 0.0000e+00
 251.365066    15.6291    38.0965   4.698713     0.4988     1.1309  1028.5171     68.045    38.0958     67.500          2 0.0000e+00
 251.365070    15.6279    38.0980   4.698658     0.4950     1.1535  1028.5199     68.297    38.0963     67.750          2 0.0000e+00
 251.365075    15.6272    38.0989   4.698648     0.4937     1.1679  1028.5223     68.549    38.0968     68.000          1 0.0000e+00
 251.365080    15.6269    38.0994   4.698663     0.4948     1.1826  1028.5242     68.801    38.0971     68.250          2 0.0000e+00
 251.365085    15.6268    38.0997   4.698686     0.4973     1.2021  1028.5257     69.053    38.0973     68.500          2 0.0000e+00
 251.365091    15.6267    38.1001   4.698732     0.5018     1.2353  1028.5273     69.305    38.0976     68.750          2 0.0000e+00
 251.365098    15.6278    38.1010   4.698879     0.5094     1.2388  1028.5289     69.557    38.0979     69.000          3 0.0000e+00
 251.365108    15.6298    38.1014   4.699164     0.5198     1.1324  1028.5292     69.809    38.0984     69.250          3 0.0000e+00
 251.365115    15.6285    38.0981   4.698941     0.5071     1.1274  1028.5274     70.062    38.0975     69.500          2 0.0000e+00
 251.365120    15.6267    38.0975   4.698760     0.4942     1.1494  1028.5287     70.313    38.0975     69.750          2 0.0000e+00
 251.365125    15.6256    38.0981   4.698683     0.4906     1.1661  1028.5308     70.565    38.0978     70.000          2 0.0000e+00
 251.365130    15.6246    38.0987   4.698627     0.4896     1.1800  1028.5329     70.818    38.0981     70.250          1 0.0000e+00
 251.365136    15.6239    38.0993   4.698594     0.4881     1.1795  1028.5346     71.070    38.0984     70.500          2 0.0000e+00
 251.365141    15.6234    38.0995   4.698567     0.4844     1.1608  1028.5361     71.322    38.0985     70.750          2 0.0000e+00
 251.365148    15.6229    38.0996   4.698536     0.4794     1.1429  1028.5374     71.574    38.0986     71.000          2 0.0000e+00
 251.365153    15.6225    38.0997   4.698515     0.4727     1.1433  1028.5388     71.826    38.0987     71.250          3 0.0000e+00
 251.365161    15.6220    38.0998   4.698491     0.4766     1.1397  1028.5398     72.078    38.0989     71.500          3 0.0000e+00
 251.365169    15.6209    38.0993   4.698401     0.4853     1.1316  1028.5405     72.330    38.0989     71.750          2 0.0000e+00
 251.365176    15.6189    38.0984   4.698197     0.4805     1.1293  1028.5410     72.582    38.0990     72.000          2 0.0000e+00
 251.365181    15.6152    38.0967   4.697825     0.4727     1.1361  1028.5414     72.834    38.0991     72.250          2 0.0000e+00
 251.365186    15.6102    38.0953   4.697305     0.4696     1.1574  1028.5424     73.086    38.0991     72.500          2 0.0000e+00
 251.365192    15.6052    38.0957   4.696823     0.4689     1.1750  1028.5451     73.338    38.0994     72.750          2 0.0000e+00
 251.365198    15.6008    38.0975   4.696445     0.4701     1.1643  1028.5489     73.590    38.1001     73.000          2 0.0000e+00
 251.365204    15.5956    38.0978   4.695992     0.4729     1.1209  1028.5513     73.842    38.1009     73.250          2 0.0000e+00
 251.365210    15.5867    38.0948   4.695097     0.4678     1.0951  1028.5512     74.095    38.1013     73.500          2 0.0000e+00
 251.365216    15.5714    38.0892   4.693469     0.4519     1.0903  1028.5501     74.347    38.1011     73.750          2 0.0000e+00
 251.365223    15.5499    38.0845   4.691214     0.4387     1.0843  1028.5513     74.599    38.1012     74.000          2 0.0000e+00
 251.365229    15.5272    38.0851   4.688958     0.4261     1.0755  1028.5576     74.851    38.1026     74.250          2 0.0000e+00
 251.365234    15.5033    38.0855   4.686718     0.4167     1.0910  1028.5641     75.103    38.1053     74.500          2 0.0000e+00
 251.365240    15.4737    38.0795   4.683540     0.4069     1.1249  1028.5661     75.355    38.1048     74.750          2 0.0000e+00
 251.365246    15.4458    38.0835   4.680624     0.4024     1.1387  1028.5775     75.607    38.1052     75.000          2 0.0000e+00
 251.365253    15.4275    38.1005   4.679199     0.3983     1.1340  1028.5987     75.859    38.1097     75.250          3 0.0000e+00
 251.365260    15.4174    38.1119   4.678466     0.3877     1.1065  1028.6126     76.111    38.1128     75.500          2 0.0000e+00
 251.365266    15.4115    38.1141   4.677953     0.3721     1.0590  1028.6170     76.363    38.1136     75.750          3 0.0000e+00
 251.365272    15.4060    38.1138   4.677406     0.3666     1.0467  1028.6191     76.615    38.1139     76.000          2 0.0000e+00
 251.365278    15.3992    38.1120   4.676723     0.3639     1.0452  1028.6201     76.867    38.1142     76.250          1 0.0000e+00
 251.365283    15.3883    38.1077   4.675595     0.3624     1.0501  1028.6195     77.119    38.1144     76.500          2 0.0000e+00
 251.365287    15.3697    38.1001   4.673573     0.3598     1.0535  1028.6175     77.371    38.1138     76.750          2 0.0000e+00
 251.365293    15.3452    38.0958   4.670891     0.3581     1.0233  1028.6199     77.623    38.1129     77.000          2 0.0000e+00
 251.365300    15.3223    38.1031   4.668686     0.3573     0.9409  1028.6329     77.876    38.1149     77.250          2 0.0000e+00
 251.365307    15.3082    38.1129   4.667528     0.3522     0.8892  1028.6463     78.127    38.1179     77.500          3 0.0000e+00
 251.365313    15.3005    38.1196   4.666951     0.3438     0.8548  1028.6555     78.379    38.1199     77.750          2 0.0000e+00
 251.365320    15.2966    38.1243   4.666725     0.3389     0.8468  1028.6620     78.632    38.1216     78.000          2 0.0000e+00
 251.365326    15.2949    38.1271   4.666669     0.3374     0.8608  1028.6661     78.884    38.1226     78.250          2 0.0000e+00
 251.365333    15.2945    38.1282   4.666703     0.3380     0.8733  1028.6683     79.136    38.1232     78.500          3 0.0000e+00
 251.365339    15.2944    38.1286   4.666751     0.3385     0.8864  1028.6697     79.388    38.1237     78.750          2 0.0000e+00
 251.365345    15.2943    38.1285   4.666784     0.3356     0.9069  1028.6708     79.640    38.1239     79.000          2 0.0000e+00
 251.365350    15.2938    38.1280   4.666759     0.3330     0.9281  1028.6717     79.892    38.1241     79.250          2 0.0000e+00
 251.365356    15.2924    38.1274   4.666667     0.3349     0.9446  1028.6726     80.144    38.1245     79.500          2 0.0000e+00
 251.365362    15.2890    38.1259   4.666388     0.3392     0.9562  1028.6729     80.396    38.1251     79.750          2 0.0000e+00
 251.365368    15.2800    38.1217   4.665555     0.3424     0.9584  1028.6715     80.648    38.1261     80.000          2 0.0000e+00
 251.365374    15.2611    38.1122   4.663527     0.3447     0.9577  1028.6675     80.900    38.1259     80.250          2 0.0000e+00
 251.365380    15.2366    38.1086   4.660889     0.3475     0.9876  1028.6707     81.152    38.1254     80.500          2 0.0000e+00
 251.365388    15.2154    38.1192   4.659025     0.3530     1.0505  1028.6861     81.404    38.1288     80.750          3 0.0000e+00
 251.365396    15.1989    38.1260   4.657657     0.3531     0.9923  1028.6968     81.657    38.1322     81.000          2 0.0000e+00
 251.365402    15.1816    38.1240   4.655941     0.3514     0.9058  1028.6995     81.909    38.1332     81.250          3 0.0000e+00
 251.365408    15.1636    38.1220   4.654058     0.3508     0.8603  1028.7028     82.161    38.1333     81.500          1 0.0000e+00
 251.365414    15.1500    38.1265   4.652770     0.3514     0.8464  1028.7114     82.413    38.1346     81.750          2 0.0000e+00
 251.365419    15.1418    38.1342   4.652181     0.3540     0.8708  1028.7220     82.665    38.1370     82.000          2 0.0000e+00
 251.365425    15.1362    38.1397   4.651802     0.3609     0.9329  1028.7297     82.917    38.1389     82.250          3 0.0000e+00
