04_archives/Ressources/CTD/RAW_DATA/20240608c.cnv
* Sea-Bird SBE19plus Data File:
* FileName = C:\Users\Paul\Desktop\Instrumentation\sbe19plus\somlit\Data\Latest\20240608015.hex
* Software Version 1.59
* Temperature SN =  8056
* Conductivity SN =  8056
* System UpLoad Time = Sep 08 2025 14:36:58
* ds
* SBE 19plus V 3.1.8  SERIAL NO. 8056    08 Sep 2025 14:33:31
# nquan = 12
# nvalues = 233                         
# units = specified
# name 0 = timeJ: Julian Days
# name 1 = tv290C: Temperature [ITS-90, deg C]
# name 2 = sal00: Salinity, Practical [PSU]
# name 3 = c0S/m: Conductivity [S/m]
# name 4 = flECO-AFL: Fluorescence, WET Labs ECO-AFL/FL [mg/m^3]
# name 5 = turbWETntu0: Turbidity, WET Labs ECO [NTU]
# name 6 = density00: Density [density, kg/m^3]
# name 7 = prdM: Pressure, Strain Gauge [db]
# name 8 = sal00: Salinity, Practical [PSU]
# name 9 = depSM: Depth [salt water, m], lat = 42
# name 10 = nbin: number of scans per bin
# name 11 = flag: flag
# span 0 = 251.514971, 251.516340       
# span 1 =    16.6580,    21.6732       
# span 2 =    37.8823,    38.0569       
# span 3 =   4.803573,   5.332940       
# span 4 =     0.1018,     0.7064       
# span 5 =     0.4129,     1.0272       
# span 6 =  1026.5565,  1028.2070       
# span 7 =      1.008,     59.475       
# span 8 =    37.9377,    38.0558       
# span 9 =      1.000,     59.000       
# span 10 =          1,          3      
# span 11 = 0.0000e+00, 0.0000e+00      
# interval = meters: 0.25               
# start_time = Sep 08 2025 12:20:17 [Instrument's time stamp, header]
# bad_flag = -9.990e-29
*END*
[from data line 121]
 251.515674    19.1127    37.9776   5.057338     0.1608     0.4461  1027.4054     31.500    37.9750     31.250          2 0.0000e+00
 251.515680    19.1067    37.9794   5.056832     0.1607     0.4454  1027.4098     31.752    37.9761     31.500          3 0.0000e+00
 251.515687    19.0997    37.9797   5.056177     0.1580     0.4452  1027.4127     32.003    37.9769     31.750          2 0.0000e+00
 251.515694    19.0916    37.9790   5.055339     0.1560     0.4436  1027.4150     32.256    37.9772     32.000          2 0.0000e+00
 251.515700    19.0838    37.9789   5.054543     0.1550     0.4406  1027.4179     32.508    37.9775     32.250          2 0.0000e+00
 251.515706    19.0755    37.9781   5.053745     0.1547     0.4437  1027.4203     32.760    37.9783     32.500          2 0.0000e+00
 251.515711    19.0647    37.9753   5.052636     0.1557     0.4512  1027.4214     33.012    37.9787     32.750          2 0.0000e+00
 251.515716    19.0470    37.9696   5.050826     0.1572     0.4573  1027.4210     33.263    37.9795     33.000          2 0.0000e+00
 251.515721    19.0198    37.9602   5.047734     0.1601     0.4662  1027.4196     33.515    37.9782     33.250          2 0.0000e+00
 251.515727    18.9887    37.9596   5.044471     0.1649     0.4724  1027.4278     33.767    37.9790     33.500          2 0.0000e+00
 251.515734    18.9590    37.9660   5.041594     0.1732     0.4658  1027.4422     34.020    37.9819     33.750          2 0.0000e+00
 251.515740    18.9314    37.9703   5.038918     0.1817     0.4570  1027.4541     34.272    37.9844     34.000          2 0.0000e+00
 251.515746    18.9036    37.9710   5.036163     0.1857     0.4599  1027.4625     34.524    37.9865     34.250          2 0.0000e+00
 251.515751    18.8668    37.9655   5.032573     0.1898     0.4667  1027.4663     34.776    37.9897     34.500          2 0.0000e+00
 251.515757    18.8063    37.9437   5.025975     0.1965     0.4752  1027.4600     35.028    37.9892     34.750          2 0.0000e+00
 251.515762    18.7162    37.9159   5.015926     0.2056     0.4852  1027.4555     35.279    37.9867     35.000          2 0.0000e+00
 251.515769    18.5974    37.8920   5.002613     0.2208     0.4991  1027.4626     35.532    37.9825     35.250          2 0.0000e+00
 251.515775    18.4651    37.8907   4.988120     0.2496     0.5243  1027.4959     35.784    37.9807     35.500          2 0.0000e+00
 251.515781    18.3475    37.9182   4.976238     0.2788     0.5568  1027.5532     36.036    37.9877     35.750          3 0.0000e+00
 251.515788    18.2433    37.9287   4.965571     0.3058     0.5914  1027.5897     36.287    37.9925     36.000          2 0.0000e+00
 251.515794    18.1348    37.9153   4.953683     0.3259     0.6190  1027.6044     36.540    37.9908     36.250          2 0.0000e+00
 251.515799    18.0222    37.8966   4.940930     0.3441     0.6450  1027.6157     36.792    37.9853     36.500          1 0.0000e+00
 251.515804    17.9097    37.8902   4.928355     0.3643     0.6724  1027.6393     37.044    37.9814     36.750          2 0.0000e+00
 251.515809    17.8055    37.9049   4.917199     0.3922     0.7069  1027.6816     37.296    37.9817     37.000          2 0.0000e+00
 251.515815    17.7166    37.9395   4.908312     0.4090     0.7187  1027.7390     37.548    37.9875     37.250          2 0.0000e+00
 251.515822    17.6544    37.9809   4.902739     0.4175     0.7057  1027.7959     37.800    37.9971     37.500          3 0.0000e+00
 251.515829    17.6131    38.0065   4.899094     0.4210     0.6925  1027.8321     38.052    38.0039     37.750          2 0.0000e+00
 251.515835    17.5805    38.0132   4.896014     0.4222     0.6779  1027.8475     38.304    38.0075     38.000          2 0.0000e+00
 251.515841    17.5464    38.0065   4.892181     0.4236     0.6705  1027.8508     38.556    38.0059     38.250          2 0.0000e+00
 251.515847    17.5132    38.0036   4.888478     0.4261     0.6676  1027.8578     38.808    38.0046     38.500          2 0.0000e+00
 251.515853    17.4820    38.0052   4.885252     0.4269     0.6648  1027.8683     39.060    38.0056     38.750          2 0.0000e+00
 251.515858    17.4533    38.0088   4.882322     0.4236     0.6617  1027.8802     39.312    38.0069     39.000          2 0.0000e+00
 251.515865    17.4308    38.0175   4.880263     0.4187     0.6642  1027.8952     39.564    38.0099     39.250          2 0.0000e+00
 251.515871    17.4132    38.0217   4.878597     0.4125     0.6685  1027.9048     39.816    38.0117     39.500          3 0.0000e+00
 251.515877    17.3965    38.0219   4.876797     0.4047     0.6592  1027.9106     40.068    38.0116     39.750          2 0.0000e+00
 251.515883    17.3825    38.0240   4.875332     0.3963     0.6421  1027.9176     40.320    38.0118     40.000          2 0.0000e+00
 251.515889    17.3724    38.0276   4.874417     0.3889     0.6190  1027.9248     40.572    38.0132     40.250          2 0.0000e+00
 251.515895    17.3626    38.0265   4.873422     0.3806     0.5995  1027.9272     40.824    38.0136     40.500          2 0.0000e+00
 251.515901    17.3482    38.0200   4.871829     0.3744     0.5922  1027.9257     41.076    38.0131     40.750          2 0.0000e+00
 251.515907    17.3244    38.0067   4.868933     0.3676     0.5876  1027.9201     41.328    38.0100     41.000          2 0.0000e+00
 251.515911    17.2942    37.9955   4.865137     0.3596     0.5760  1027.9186     41.580    38.0050     41.250          2 0.0000e+00
 251.515918    17.2652    37.9995   4.861979     0.3481     0.5500  1027.9311     41.832    38.0045     41.500          2 0.0000e+00
 251.515925    17.2425    38.0117   4.859946     0.3343     0.5200  1027.9493     42.085    38.0079     41.750          2 0.0000e+00
 251.515932    17.2215    38.0115   4.857952     0.3216     0.4966  1027.9547     42.336    38.0100     42.000          3 0.0000e+00
 251.515938    17.1894    37.9979   4.854408     0.3200     0.4926  1027.9501     42.588    38.0090     42.250          2 0.0000e+00
 251.515943    17.1466    37.9805   4.849536     0.3229     0.4952  1027.9445     42.840    38.0064     42.500          1 0.0000e+00
 251.515949    17.0904    37.9668   4.843167     0.3325     0.5050  1027.9460     43.093    38.0032     42.750          2 0.0000e+00
 251.515955    17.0313    37.9695   4.836965     0.3500     0.5232  1027.9639     43.345    38.0043     43.000          2 0.0000e+00
 251.515961    16.9818    37.9861   4.832375     0.3729     0.5461  1027.9923     43.597    38.0105     43.250          2 0.0000e+00
 251.515966    16.9434    37.9995   4.828862     0.4190     0.5899  1028.0152     43.849    38.0156     43.500          2 0.0000e+00
 251.515971    16.9115    38.0085   4.825905     0.4664     0.6346  1028.0324     44.101    38.0196     43.750          2 0.0000e+00
 251.515977    16.8845    38.0171   4.823415     0.5064     0.6729  1028.0481     44.353    38.0230     44.000          2 0.0000e+00
 251.515983    16.8651    38.0296   4.821844     0.5406     0.7143  1028.0659     44.605    38.0274     44.250          2 0.0000e+00
 251.515989    16.8538    38.0403   4.821115     0.5648     0.7662  1028.0797     44.857    38.0316     44.500          3 0.0000e+00
 251.515996    16.8461    38.0454   4.820571     0.5850     0.7956  1028.0875     45.109    38.0339     44.750          2 0.0000e+00
 251.516002    16.8400    38.0470   4.820076     0.6026     0.7999  1028.0915     45.360    38.0352     45.000          2 0.0000e+00
 251.516007    16.8335    38.0461   4.819492     0.6163     0.8113  1028.0933     45.613    38.0361     45.250          2 0.0000e+00
 251.516013    16.8265    38.0447   4.818809     0.6301     0.8378  1028.0948     45.865    38.0367     45.500          1 0.0000e+00
 251.516018    16.8203    38.0460   4.818292     0.6392     0.8621  1028.0988     46.117    38.0378     45.750          2 0.0000e+00
 251.516022    16.8159    38.0496   4.818057     0.6414     0.8769  1028.1045     46.368    38.0398     46.000          2 0.0000e+00
 251.516029    16.8131    38.0531   4.817990     0.6393     0.8894  1028.1095     46.621    38.0418     46.250          2 0.0000e+00
 251.516037    16.8113    38.0544   4.817946     0.6310     0.8769  1028.1121     46.873    38.0430     46.500          3 0.0000e+00
 251.516045    16.8097    38.0540   4.817837     0.6236     0.8533  1028.1128     47.125    38.0434     46.750          2 0.0000e+00
 251.516049    16.8077    38.0525   4.817623     0.6262     0.8558  1028.1131     47.377    38.0433     47.000          2 0.0000e+00
 251.516055    16.8044    38.0506   4.817281     0.6283     0.8664  1028.1133     47.629    38.0434     47.250          2 0.0000e+00
 251.516059    16.7993    38.0480   4.816773     0.6274     0.8830  1028.1133     47.881    38.0435     47.500          1 0.0000e+00
 251.516064    16.7917    38.0449   4.815975     0.6265     0.9036  1028.1135     48.133    38.0436     47.750          2 0.0000e+00
 251.516070    16.7830    38.0449   4.815111     0.6336     0.9065  1028.1167     48.385    38.0441     48.000          2 0.0000e+00
 251.516076    16.7753    38.0492   4.814517     0.6523     0.8915  1028.1235     48.637    38.0460     48.250          3 0.0000e+00
 251.516084    16.7688    38.0513   4.813955     0.6760     0.8824  1028.1278     48.890    38.0470     48.500          2 0.0000e+00
 251.516091    16.7638    38.0516   4.813445     0.7064     0.8806  1028.1304     49.141    38.0472     48.750          2 0.0000e+00
 251.516097    16.7607    38.0529   4.813197     0.7043     0.8961  1028.1337     49.393    38.0479     49.000          2 0.0000e+00
 251.516102    16.7590    38.0545   4.813108     0.6809     0.9266  1028.1368     49.645    38.0486     49.250          2 0.0000e+00
 251.516108    16.7580    38.0553   4.813084     0.6743     0.9432  1028.1389     49.897    38.0492     49.500          3 0.0000e+00
 251.516114    16.7572    38.0554   4.813045     0.6752     0.9533  1028.1404     50.149    38.0495     49.750          2 0.0000e+00
 251.516120    16.7562    38.0552   4.812976     0.6757     0.9539  1028.1414     50.401    38.0498     50.000          2 0.0000e+00
 251.516126    16.7549    38.0546   4.812867     0.6779     0.9521  1028.1423     50.653    38.0499     50.250          2 0.0000e+00
 251.516131    16.7531    38.0539   4.812706     0.6853     0.9552  1028.1434     50.906    38.0500     50.500          1 0.0000e+00
 251.516137    16.7505    38.0532   4.812475     0.6974     0.9630  1028.1445     51.158    38.0504     50.750          2 0.0000e+00
 251.516143    16.7478    38.0536   4.812248     0.6912     0.9652  1028.1465     51.410    38.0508     51.000          3 0.0000e+00
 251.516150    16.7461    38.0548   4.812128     0.6694     0.9634  1028.1490     51.661    38.0513     51.250          2 0.0000e+00
 251.516156    16.7451    38.0553   4.812050     0.6606     0.9582  1028.1508     51.913    38.0515     51.500          2 0.0000e+00
 251.516161    16.7442    38.0553   4.811990     0.6685     0.9506  1028.1522     52.165    38.0516     51.750          2 0.0000e+00
 251.516167    16.7431    38.0549   4.811903     0.6776     0.9521  1028.1533     52.417    38.0518     52.000          2 0.0000e+00
 251.516174    16.7412    38.0541   4.811723     0.6860     0.9636  1028.1539     52.669    38.0519     52.250          2 0.0000e+00
 251.516180    16.7376    38.0523   4.811340     0.6850     0.9687  1028.1542     52.922    38.0518     52.500          2 0.0000e+00
 251.516185    16.7324    38.0500   4.810720     0.6737     0.9678  1028.1544     53.174    38.0512     52.750          2 0.0000e+00
 251.516190    16.7280    38.0503   4.810259     0.6616     0.9758  1028.1570     53.425    38.0512     53.000          2 0.0000e+00
 251.516196    16.7248    38.0522   4.810000     0.6480     0.9929  1028.1608     53.678    38.0518     53.250          2 0.0000e+00
 251.516203    16.7226    38.0540   4.809858     0.6467     0.9965  1028.1641     53.930    38.0525     53.500          2 0.0000e+00
 251.516209    16.7213    38.0551   4.809793     0.6703     0.9722  1028.1665     54.182    38.0530     53.750          3 0.0000e+00
 251.516215    16.7202    38.0552   4.809699     0.6791     0.9567  1028.1678     54.434    38.0531     54.000          2 0.0000e+00
 251.516221    16.7194    38.0554   4.809631     0.6650     0.9574  1028.1694     54.686    38.0532     54.250          2 0.0000e+00
 251.516227    16.7190    38.0558   4.809626     0.6472     0.9641  1028.1711     54.938    38.0534     54.500          2 0.0000e+00
 251.516233    16.7188    38.0561   4.809651     0.6311     0.9734  1028.1725     55.190    38.0537     54.750          2 0.0000e+00
 251.516239    16.7188    38.0562   4.809670     0.6188     0.9806  1028.1737     55.442    38.0538     55.000          2 0.0000e+00
 251.516245    16.7187    38.0561   4.809680     0.6098     0.9849  1028.1747     55.694    38.0539     55.250          2 0.0000e+00
 251.516251    16.7187    38.0561   4.809706     0.6109     0.9836  1028.1759     55.946    38.0540     55.500          2 0.0000e+00
 251.516257    16.7190    38.0563   4.809753     0.6215     0.9774  1028.1771     56.198    38.0540     55.750          2 0.0000e+00
 251.516262    16.7193    38.0562   4.809798     0.6296     0.9751  1028.1782     56.450    38.0541     56.000          2 0.0000e+00
 251.516268    16.7194    38.0560   4.809837     0.6342     0.9802  1028.1792     56.702    38.0542     56.250          2 0.0000e+00
 251.516275    16.7187    38.0553   4.809791     0.6357     0.9831  1028.1795     56.955    38.0543     56.500          3 0.0000e+00
 251.516282    16.7160    38.0535   4.809514     0.6328     0.9743  1028.1792     57.206    38.0543     56.750          2 0.0000e+00
 251.516289    16.7101    38.0502   4.808864     0.6280     0.9753  1028.1784     57.458    38.0540     57.000          2 0.0000e+00
 251.516293    16.7003    38.0458   4.807772     0.6217     0.9902  1028.1777     57.711    38.0536     57.250          2 0.0000e+00
 251.516299    16.6879    38.0416   4.806331     0.6184     1.0064  1028.1778     57.963    38.0525     57.500          1 0.0000e+00
 251.516305    16.6759    38.0435   4.805048     0.6212     1.0239  1028.1838     58.215    38.0524     57.750          3 0.0000e+00
 251.516312    16.6679    38.0497   4.804375     0.6216     1.0272  1028.1927     58.467    38.0539     58.000          2 0.0000e+00
 251.516318    16.6635    38.0542   4.804031     0.6179     1.0115  1028.1991     58.718    38.0549     58.250          2 0.0000e+00
 251.516324    16.6613    38.0561   4.803859     0.6168     1.0020  1028.2027     58.971    38.0554     58.500          2 0.0000e+00
 251.516331    16.6596    38.0567   4.803734     0.6202     1.0088  1028.2050     59.223    38.0558     58.750          3 0.0000e+00
 251.516340    16.6580    38.0569   4.803573     0.6226     1.0208  1028.2070     59.475    38.0557     59.000          2 0.0000e+00
