04_archives/Ressources/CTD/RAW_DATA/20240608b.cnv
* Sea-Bird SBE19plus Data File:
* FileName = C:\Users\Paul\Desktop\Instrumentation\sbe19plus\somlit\Data\Latest\20240608014.hex
* Software Version 1.59
* Temperature SN =  8056
* Conductivity SN =  8056
* System UpLoad Time = Sep 08 2025 14:36:02
* ds
* SBE 19plus V 3.1.8  SERIAL NO. 8056    08 Sep 2025 14:33:31
# nquan = 12
# nvalues = 229                         
# units = specified
# name 0 = timeJ: Julian Days
# name 1 = tv290C: Temperature [ITS-90, deg C]
# name 2 = sal00: Salinity, Practical [PSU]
# name 3 = c0S/m: Conductivity [S/m]
# name 4 = flECO-AFL: Fluorescence, WET Labs ECO-AFL/FL [mg/m^3]
# name 5 = turbWETntu0: Turbidity, WET Labs ECO [NTU]
# name 6 = density00: Density [density, kg/m^3]
# name 7 = prdM: Pressure, Strain Gauge [db]
# name 8 = sal00: Salinity, Practical [PSU]
# name 9 = depSM: Depth [salt water, m], lat = 42
# name 10 = nbin: number of scans per bin
# name 11 = flag: flag
# span 0 = 251.390121, 251.391483       
# span 1 =    16.3960,    21.5182       
# span 2 =    37.7664,    38.0636       
# span 3 =   4.775878,   5.315815       
# span 4 =     0.0550,     0.6536       
# span 5 =     0.4264,     1.7407       
# span 6 =  1026.5763,  1028.2484       
# span 7 =      1.009,     58.467       
# span 8 =    37.9235,    38.0618       
# span 9 =      1.000,     58.000       
# span 10 =          1,          3      
# span 11 = 0.0000e+00, 0.0000e+00      
# interval = meters: 0.25               
# start_time = Sep 08 2025 09:20:38 [Instrument's time stamp, header]
# bad_flag = -9.990e-29
*END*
 251.390121    21.3920    37.9501   5.300271     0.0550     0.4362  1026.6402      1.009    37.9385      1.000          1 0.0000e+00
 251.390131    21.4359    37.9557   5.304262     0.0567     0.4365  1026.6376      1.260    37.9316      1.250          3 0.0000e+00
 251.390138    21.4741    37.9661   5.309479     0.0583     0.4340  1026.6372      1.512    37.9398      1.500          2 0.0000e+00
 251.390144    21.5021    37.9680   5.313658     0.0612     0.4291  1026.6302      1.764    37.9486      1.750          2 0.0000e+00
 251.390150    21.5171    37.9600   5.315621     0.0627     0.4269  1026.6177      2.016    37.9509      2.000          2 0.0000e+00
 251.390155    21.5182    37.9497   5.315815     0.0644     0.4264  1026.6072      2.268    37.9515      2.250          2 0.0000e+00
 251.390161    21.5013    37.9343   5.313943     0.0676     0.4266  1026.5963      2.520    37.9512      2.500          2 0.0000e+00
 251.390166    21.4637    37.9084   5.309019     0.0727     0.4281  1026.5818      2.772    37.9448      2.750          2 0.0000e+00
 251.390171    21.4179    37.8880   5.302870     0.0753     0.4309  1026.5763      3.024    37.9357      3.000          1 0.0000e+00
 251.390177    21.3761    37.8979   5.298193     0.0734     0.4383  1026.5996      3.276    37.9348      3.250          3 0.0000e+00
 251.390183    21.3467    37.9173   5.295357     0.0708     0.4440  1026.6284      3.528    37.9380      3.500          2 0.0000e+00
 251.390189    21.3293    37.9309   5.293790     0.0683     0.4460  1026.6479      3.779    37.9406      3.750          2 0.0000e+00
 251.390195    21.3204    37.9368   5.292928     0.0670     0.4468  1026.6576      4.031    37.9415      4.000          2 0.0000e+00
 251.390201    21.3150    37.9394   5.292362     0.0689     0.4487  1026.6629      4.283    37.9416      4.250          2 0.0000e+00
 251.390205    21.3111    37.9408   5.291931     0.0721     0.4508  1026.6667      4.536    37.9415      4.500          1 0.0000e+00
 251.390211    21.3083    37.9417   5.291640     0.0745     0.4518  1026.6696      4.788    37.9416      4.750          2 0.0000e+00
 251.390216    21.3067    37.9429   5.291517     0.0777     0.4522  1026.6724      5.040    37.9419      5.000          2 0.0000e+00
 251.390221    21.3059    37.9437   5.291463     0.0813     0.4522  1026.6748      5.291    37.9421      5.250          2 0.0000e+00
 251.390227    21.3053    37.9443   5.291436     0.0863     0.4518  1026.6766      5.543    37.9422      5.500          2 0.0000e+00
 251.390232    21.3048    37.9443   5.291398     0.0876     0.4521  1026.6778      5.795    37.9423      5.750          2 0.0000e+00
 251.390238    21.3042    37.9440   5.291326     0.0843     0.4528  1026.6788      6.047    37.9422      6.000          2 0.0000e+00
 251.390245    21.3035    37.9438   5.291264     0.0835     0.4516  1026.6798      6.300    37.9423      6.250          2 0.0000e+00
 251.390252    21.3029    37.9440   5.291234     0.0873     0.4465  1026.6810      6.552    37.9424      6.500          2 0.0000e+00
 251.390258    21.3023    37.9436   5.291168     0.0888     0.4431  1026.6820      6.804    37.9423      6.750          2 0.0000e+00
 251.390262    21.3015    37.9434   5.291085     0.0850     0.4461  1026.6832      7.056    37.9422      7.000          2 0.0000e+00
 251.390267    21.3009    37.9434   5.291032     0.0825     0.4497  1026.6846      7.307    37.9423      7.250          2 0.0000e+00
 251.390273    21.3003    37.9434   5.290978     0.0831     0.4528  1026.6860      7.559    37.9422      7.500          2 0.0000e+00
 251.390278    21.2998    37.9434   5.290941     0.0849     0.4549  1026.6874      7.811    37.9423      7.750          2 0.0000e+00
 251.390284    21.2993    37.9436   5.290921     0.0862     0.4551  1026.6888      8.063    37.9425      8.000          2 0.0000e+00
 251.390290    21.2985    37.9432   5.290828     0.0871     0.4535  1026.6894      8.315    37.9424      8.250          2 0.0000e+00
 251.390298    21.2969    37.9422   5.290627     0.0902     0.4503  1026.6899      8.567    37.9420      8.500          3 0.0000e+00
 251.390304    21.2945    37.9411   5.290355     0.0930     0.4487  1026.6905      8.819    37.9419      8.750          1 0.0000e+00
 251.390309    21.2911    37.9392   5.289897     0.0932     0.4506  1026.6909      9.071    37.9411      9.000          2 0.0000e+00
 251.390314    21.2874    37.9382   5.289418     0.0924     0.4547  1026.6923      9.324    37.9405      9.250          2 0.0000e+00
 251.390319    21.2836    37.9380   5.288966     0.0921     0.4554  1026.6944      9.575    37.9400      9.500          2 0.0000e+00
 251.390326    21.2798    37.9380   5.288531     0.0920     0.4535  1026.6966      9.828    37.9398      9.750          2 0.0000e+00
 251.390332    21.2761    37.9382   5.288134     0.0916     0.4527  1026.6988     10.080    37.9399     10.000          2 0.0000e+00
 251.390338    21.2725    37.9385   5.287757     0.0909     0.4538  1026.7012     10.332    37.9399     10.250          2 0.0000e+00
 251.390344    21.2694    37.9391   5.287448     0.0952     0.4536  1026.7037     10.583    37.9400     10.500          3 0.0000e+00
 251.390351    21.2670    37.9396   5.287207     0.1012     0.4526  1026.7060     10.835    37.9401     10.750          2 0.0000e+00
 251.390357    21.2649    37.9398   5.286994     0.1021     0.4535  1026.7078     11.087    37.9402     11.000          2 0.0000e+00
 251.390362    21.2629    37.9397   5.286782     0.1000     0.4558  1026.7094     11.339    37.9402     11.250          2 0.0000e+00
 251.390367    21.2608    37.9397   5.286580     0.0982     0.4589  1026.7112     11.591    37.9402     11.500          1 0.0000e+00
 251.390372    21.2583    37.9395   5.286343     0.0970     0.4648  1026.7128     11.843    37.9405     11.750          2 0.0000e+00
 251.390379    21.2536    37.9380   5.285846     0.0983     0.4677  1026.7136     12.095    37.9405     12.000          3 0.0000e+00
 251.390386    21.2436    37.9345   5.284792     0.1042     0.4644  1026.7132     12.347    37.9408     12.250          2 0.0000e+00
 251.390393    21.2221    37.9265   5.282611     0.1090     0.4615  1026.7109     12.600    37.9421     12.500          2 0.0000e+00
 251.390398    21.1758    37.9077   5.277926     0.1113     0.4618  1026.7033     12.852    37.9452     12.750          2 0.0000e+00
 251.390403    21.0899    37.8703   5.268546     0.1122     0.4680  1026.6873     13.103    37.9455     13.000          2 0.0000e+00
 251.390408    20.9761    37.8260   5.255206     0.1130     0.4799  1026.6738     13.355    37.9383     13.250          1 0.0000e+00
 251.390413    20.8431    37.8005   5.239296     0.1138     0.4912  1026.6866     13.607    37.9274     13.500          2 0.0000e+00
 251.390419    20.7158    37.8134   5.224917     0.1158     0.5008  1026.7370     13.860    37.9235     13.750          2 0.0000e+00
 251.390424    20.6105    37.8525   5.213949     0.1173     0.5078  1026.8068     14.112    37.9279     14.000          2 0.0000e+00
 251.390430    20.5281    37.8905   5.205950     0.1166     0.5079  1026.8680     14.363    37.9360     14.250          2 0.0000e+00
 251.390437    20.4615    37.9075   5.199045     0.1163     0.5063  1026.9041     14.615    37.9390     14.500          2 0.0000e+00
 251.390443    20.4041    37.9156   5.193173     0.1227     0.5094  1026.9284     14.867    37.9422     14.750          2 0.0000e+00
 251.390448    20.3451    37.9119   5.186834     0.1345     0.5159  1026.9411     15.119    37.9430     15.000          2 0.0000e+00
 251.390453    20.2885    37.9077   5.180382     0.1361     0.5206  1026.9537     15.371    37.9406     15.250          2 0.0000e+00
 251.390458    20.2387    37.9126   5.175165     0.1328     0.5263  1026.9731     15.624    37.9423     15.500          2 0.0000e+00
 251.390464    20.1858    37.9122   5.169594     0.1334     0.5327  1026.9877     15.875    37.9438     15.750          2 0.0000e+00
 251.390469    20.1280    37.9090   5.163221     0.1366     0.5409  1027.0010     16.127    37.9431     16.000          1 0.0000e+00
 251.390475    20.0623    37.9108   5.156148     0.1388     0.5433  1027.0214     16.379    37.9438     16.250          3 0.0000e+00
 251.390481    19.9891    37.9131   5.148456     0.1383     0.5370  1027.0436     16.631    37.9461     16.500          2 0.0000e+00
 251.390488    19.9016    37.9022   5.138944     0.1387     0.5327  1027.0561     16.883    37.9461     16.750          2 0.0000e+00
 251.390494    19.8139    37.8939   5.128574     0.1419     0.5330  1027.0736     17.135    37.9392     17.000          2 0.0000e+00
 251.390500    19.7468    37.9110   5.121562     0.1440     0.5373  1027.1100     17.387    37.9415     17.250          2 0.0000e+00
 251.390505    19.7005    37.9306   5.117034     0.1464     0.5491  1027.1430     17.639    37.9456     17.500          2 0.0000e+00
 251.390511    19.6684    37.9466   5.114098     0.1478     0.5570  1027.1685     17.891    37.9501     17.750          2 0.0000e+00
 251.390517    19.6442    37.9552   5.111701     0.1467     0.5527  1027.1849     18.143    37.9520     18.000          2 0.0000e+00
 251.390522    19.6267    37.9636   5.110139     0.1453     0.5459  1027.1990     18.395    37.9548     18.250          2 0.0000e+00
 251.390528    19.6117    37.9673   5.108728     0.1469     0.5421  1027.2080     18.647    37.9566     18.500          2 0.0000e+00
 251.390534    19.5966    37.9679   5.107173     0.1490     0.5375  1027.2138     18.899    37.9571     18.750          2 0.0000e+00
 251.390541    19.5825    37.9696   5.105758     0.1493     0.5274  1027.2204     19.151    37.9580     19.000          3 0.0000e+00
 251.390548    19.5696    37.9707   5.104481     0.1500     0.5200  1027.2259     19.403    37.9590     19.250          2 0.0000e+00
 251.390554    19.5562    37.9689   5.103131     0.1527     0.5191  1027.2287     19.655    37.9598     19.500          2 0.0000e+00
 251.390559    19.5377    37.9613   5.100978     0.1547     0.5229  1027.2273     19.907    37.9585     19.750          2 0.0000e+00
 251.390565    19.5156    37.9562   5.098498     0.1539     0.5335  1027.2293     20.159    37.9578     20.000          2 0.0000e+00
 251.390571    19.4912    37.9543   5.095875     0.1529     0.5432  1027.2350     20.411    37.9579     20.250          2 0.0000e+00
 251.390577    19.4629    37.9516   5.092826     0.1562     0.5416  1027.2408     20.663    37.9580     20.500          2 0.0000e+00
 251.390583    19.4280    37.9463   5.089047     0.1589     0.5354  1027.2456     20.916    37.9581     20.750          2 0.0000e+00
 251.390589    19.3828    37.9379   5.084115     0.1562     0.5326  1027.2497     21.167    37.9577     21.000          2 0.0000e+00
 251.390596    19.3180    37.9245   5.076938     0.1533     0.5335  1027.2539     21.419    37.9565     21.250          3 0.0000e+00
 251.390603    19.2337    37.9069   5.067540     0.1558     0.5387  1027.2587     21.671    37.9542     21.500          2 0.0000e+00
 251.390609    19.1372    37.8920   5.056733     0.1622     0.5461  1027.2697     21.923    37.9512     21.750          2 0.0000e+00
 251.390615    19.0465    37.8943   5.046725     0.1739     0.5534  1027.2970     22.176    37.9496     22.000          2 0.0000e+00
 251.390621    18.9757    37.9154   5.039589     0.1862     0.5617  1027.3374     22.428    37.9541     22.250          2 0.0000e+00
 251.390627    18.9238    37.9381   5.034637     0.1963     0.5730  1027.3743     22.680    37.9596     22.500          2 0.0000e+00
 251.390633    18.8876    37.9560   5.031211     0.2029     0.5836  1027.4025     22.932    37.9637     22.750          2 0.0000e+00
 251.390638    18.8633    37.9696   5.028993     0.2035     0.5890  1027.4234     23.184    37.9671     23.000          2 0.0000e+00
 251.390644    18.8460    37.9784   5.027497     0.2029     0.5925  1027.4376     23.435    37.9701     23.250          2 0.0000e+00
 251.390651    18.8289    37.9790   5.025751     0.2051     0.5963  1027.4440     23.687    37.9710     23.500          3 0.0000e+00
 251.390658    18.8107    37.9786   5.023834     0.2098     0.6019  1027.4494     23.939    37.9714     23.750          2 0.0000e+00
 251.390665    18.7946    37.9808   5.022226     0.2151     0.6104  1027.4568     24.191    37.9724     24.000          2 0.0000e+00
 251.390671    18.7811    37.9844   5.021143     0.2203     0.6198  1027.4645     24.443    37.9755     24.250          2 0.0000e+00
 251.390677    18.7618    37.9784   5.019231     0.2256     0.6284  1027.4640     24.695    37.9769     24.500          2 0.0000e+00
 251.390683    18.7382    37.9698   5.016311     0.2300     0.6378  1027.4633     24.947    37.9737     24.750          2 0.0000e+00
 251.390688    18.7204    37.9751   5.014565     0.2311     0.6494  1027.4744     25.199    37.9751     25.000          2 0.0000e+00
 251.390693    18.7083    37.9823   5.013487     0.2323     0.6564  1027.4858     25.452    37.9770     25.250          2 0.0000e+00
 251.390699    18.7009    37.9884   5.012932     0.2347     0.6497  1027.4950     25.704    37.9790     25.500          2 0.0000e+00
 251.390705    18.6964    37.9920   5.012618     0.2376     0.6416  1027.5008     25.956    37.9803     25.750          2 0.0000e+00
 251.390711    18.6935    37.9938   5.012450     0.2404     0.6421  1027.5047     26.208    37.9816     26.000          2 0.0000e+00
 251.390717    18.6911    37.9948   5.012337     0.2442     0.6482  1027.5073     26.459    37.9826     26.250          2 0.0000e+00
 251.390724    18.6888    37.9947   5.012175     0.2460     0.6427  1027.5088     26.711    37.9833     26.500          3 0.0000e+00
 251.390731    18.6867    37.9948   5.012043     0.2456     0.6317  1027.5103     26.963    37.9841     26.750          2 0.0000e+00
 251.390738    18.6841    37.9938   5.011833     0.2425     0.6318  1027.5110     27.215    37.9845     27.000          2 0.0000e+00
 251.390743    18.6807    37.9923   5.011478     0.2397     0.6386  1027.5117     27.467    37.9846     27.250          2 0.0000e+00
 251.390748    18.6781    37.9930   5.011288     0.2391     0.6543  1027.5142     27.720    37.9851     27.500          2 0.0000e+00
 251.390753    18.6761    37.9936   5.011156     0.2387     0.6678  1027.5165     27.971    37.9858     27.750          2 0.0000e+00
 251.390759    18.6740    37.9933   5.010976     0.2383     0.6726  1027.5180     28.223    37.9862     28.000          2 0.0000e+00
 251.390764    18.6717    37.9930   5.010776     0.2384     0.6741  1027.5196     28.475    37.9864     28.250          1 0.0000e+00
 251.390769    18.6697    37.9936   5.010645     0.2381     0.6737  1027.5219     28.727    37.9871     28.500          2 0.0000e+00
 251.390775    18.6676    37.9943   5.010554     0.2376     0.6704  1027.5241     28.979    37.9881     28.750          3 0.0000e+00
 251.390782    18.6628    37.9921   5.010091     0.2365     0.6605  1027.5240     29.231    37.9885     29.000          2 0.0000e+00
 251.390790    18.6554    37.9900   5.009217     0.2354     0.6447  1027.5247     29.483    37.9878     29.250          3 0.0000e+00
 251.390797    18.6537    37.9942   5.009121     0.2384     0.6489  1027.5305     29.735    37.9884     29.500          2 0.0000e+00
 251.390803    18.6564    37.9985   5.009563     0.2430     0.6595  1027.5353     29.987    37.9896     29.750          2 0.0000e+00
 251.390808    18.6594    37.9992   5.009991     0.2437     0.6704  1027.5364     30.239    37.9904     30.000          2 0.0000e+00
 251.390813    18.6598    37.9965   5.010053     0.2417     0.6838  1027.5348     30.491    37.9905     30.250          2 0.0000e+00
 251.390819    18.6564    37.9922   5.009645     0.2403     0.6861  1027.5324     30.743    37.9900     30.500          2 0.0000e+00
 251.390825    18.6508    37.9890   5.008987     0.2406     0.6746  1027.5318     30.995    37.9895     30.750          1 0.0000e+00
